"reg_code"	"name"	"age"	"1925"	"1930"	"1935"	"1940"	"1945"	"1950"	"1955"	"1960"	"1965"	"1970"	"1975"	"1980"	"1985"	"1990"	"1995"	"2000"	"2005"	"2010"	"2015"	"2020"
658	"Alberta"	"0-4"	36.91645	37.79178	37.62494	36.07508	39.71699	53.26739	69.33396	84.37562	90.07092	76.44233	73.889	88.333	101.421	103.286	98.838	94.168	97.788	119.041	131.524	144.007
658	"Alberta"	"5-9"	37.05834	39.65014	38.96658	37.88327	36.05835	42.87535	57.39233	72.64245	85.57529	89.63937	79.143	84.138	89.956	99.653	103.967	103.275	100.659	104.938	127.176	149.414
658	"Alberta"	"10-14"	32.11698	37.72521	40.56658	38.46658	36.67479	37.29178	45.06713	58.90083	73.77881	86.14194	93.889	86.93	86.034	89.255	101.897	108.593	110.928	108.883	113.3	117.717
658	"Alberta"	"15-19"	25.85864	33.85042	37.34165	39.72493	36.52493	35.95836	38.66684	45.66713	60.19544	75.38835	93.638	108.731	91.867	88.888	93.531	108.338	117.673	120.777	118.07	115.363
658	"Alberta"	"20-24"	21.31671	27.85041	33.98356	35.40001	36.73315	36.4085	39.56685	43.28356	49.05967	65.92923	87.572	124.293	123.808	100.31	94.741	107.127	124.267	137.966	140.672	143.378
658	"Alberta"	"25-29"	20.60822	23.88357	27.9252	31.1085	32.40849	36.95862	41.49178	44.82521	46.1753	54.14602	77.392	107.275	130.198	125.062	103.833	108.309	121.187	153.517	167.781	182.045
658	"Alberta"	"30-34"	20.36657	21.73342	23.30849	26.15014	28.70849	34.11699	41.10027	45.29178	46.52398	47.4782	60.667	89.173	110.027	125.267	126.245	110.747	118.296	140.326	176.892	213.458
658	"Alberta"	"35-39"	20.25836	21.23343	21.55835	22.69177	24.65014	30.20028	37.10028	43.51699	46.46654	46.35225	50.099	66.172	89.978	106.848	126.481	132.024	118.766	130.95	155.9	180.85
658	"Alberta"	"40-44"	16.83342	19.53342	20.85836	20.3833	21.35835	24.90027	31.75862	37.95863	43.70516	45.35233	47.598	54.064	67.109	88.338	106.938	130.409	139.043	127.794	140.15	152.506
658	"Alberta"	"45-49"	12.89178	16.56685	18.81672	19.29999	18.90001	21.39178	26.14192	32.20027	37.47916	42.40794	45.46	49.619	53.95	65.584	88.508	109.645	134.37	143.438	132.368	121.298
658	"Alberta"	"50-54"	9.13343	12.6085	15.89178	17.35836	17.66657	18.07507	21.29178	25.84193	31.62681	35.95368	43.212	46.433	49.616	52.635	64.921	89.463	111.81	135.901	143.572	151.243
658	"Alberta"	"55-59"	6.55836	8.43343	11.36685	14.23343	15.74163	16.15835	17.77508	20.96685	25.3202	30.66737	35.406	43	46.218	48.343	52.451	64.746	89.628	110.086	135.083	160.08
658	"Alberta"	"60-64"	5.01672	6.17506	7.27507	9.95014	12.47507	14.01671	15.01671	16.89178	20.26568	24.18979	30.488	34.813	41.907	44.595	47.887	51.863	64.347	87.437	108.981	130.525
658	"Alberta"	"65-69"	3.31672	4.41671	5.31671	6.63343	8.73341	11.23343	12.97506	14.17507	16.10728	19.1096	23.492	29.68	33.822	40.607	43.662	46.762	50.898	61.782	85.48	109.178
658	"Alberta"	"70-74"	1.85836	2.81671	3.65835	4.41671	5.57506	7.83343	9.99178	11.87507	12.99381	14.44619	18.105	22.335	27.74	31.964	38.318	41.424	44.895	48.276	59.059	69.842
658	"Alberta"	"75-79"	0.95835	1.45836	2.15836	2.65835	3.25836	4.3167	5.77506	8.03343	9.74981	10.79664	12.791	16.015	19.726	24.862	28.637	34.696	38.106	40.562	44.691	48.82
658	"Alberta"	"80-84"	0.51217	0.75814	1.10778	1.51099	1.83033	2.27462	3.04167	4.292	6.123	7.527	8.289	10.181	12.853	16.043	20.222	23.771	29.468	32.271	34.699	37.127
658	"Alberta"	"85-89"	0.20652	0.25298	0.38453	0.57183	0.71731	0.93234	1.20862	1.64267	2.43	3.65	4.73	5.425	6.772	8.918	10.982	13.999	17.221	21.057	23.781	26.505
658	"Alberta"	"90-94"	0.06225	0.0832	0.08707	0.13168	0.1942	0.24842	0.35334	0.50962	0.68967	1.039	2.106	2.974	3.551	4.507	5.976	7.415	7.258	9.384	11.814	14.244
658	"Alberta"	"95-99"	0.01215	0.02268	0.02408	0.0244	0.02942	0.04549	0.05291	0.08832	0.13308	0.19954	0	0	0	0	0	0	2.003	2.47	3.363	4.256
658	"Alberta"	"100+"	0.00063	0.00077	0.00047	0.00306	0	0.00447	0.00447	0.0094	0.01626	0.02647	0	0	0	0	0	0	0.285	0.395	0.461	0.527
659	"British Columbia"	"0-4"	25.65836	25.8	23.28329	26.61699	41.42547	56.95918	71.99233	89.32548	92.58188	86.74202	88.765	92.163	102.042	109.108	117.306	107.338	99.179	106.979	108.647	110.315
659	"British Columbia"	"5-9"	25.74164	28.43343	27.84986	26.65836	32.61699	44.76711	62.2759	80.55891	91.60191	104.29154	96.75	93.978	95.915	109.675	121.279	121.332	110.322	106.28	110.987	115.694
659	"British Columbia"	"10-14"	25.05013	28.70849	31.30823	30.32492	31.59179	37.48357	47.90904	68.81753	83.46711	104.90294	116.221	101.933	98.293	102.573	122.843	127.942	126.421	118.663	111.605	104.547
659	"British Columbia"	"15-19"	22.80028	28.61699	30.24164	33.54165	35.27507	35.36658	39.25041	51.50055	70.83207	92.77379	118.369	123.246	105.871	107.416	116.806	132.978	133.668	133.427	133.792	134.157
659	"British Columbia"	"20-24"	21.0252	25.58357	31.18357	33.97507	43.73342	42.99973	39.55014	46.93344	56.50085	84.21734	115.44	131.272	130.153	116.651	124.419	129.494	143.014	150.826	153.681	156.536
659	"British Columbia"	"25-29"	20.99178	22.35835	27.37534	34.65863	42.68356	47.47506	47.45835	49.52493	51.88115	71.40286	107.245	124.862	137.204	142.557	140.288	137.132	134.467	158.757	158.46	158.163
659	"British Columbia"	"30-34"	21.41672	21.74164	23.06684	28.30027	39.41699	46.34192	51.64192	55.34986	53.17512	61.37235	85.89	115.385	130.639	148.648	164.351	151.373	140.135	146.738	164.801	182.864
659	"British Columbia"	"35-39"	21.15836	22.57507	22.54164	24.05013	30.91698	42.82547	50.55863	58.34191	58.29401	59.33011	68.783	89.067	117.761	138.886	166.204	174.53	153.769	151.38	153.521	155.662
659	"British Columbia"	"40-44"	19.70849	22.23342	23.55835	23.54164	26.35014	34.80877	45.36713	53.98357	59.75512	62.38058	65.16	72.127	91.461	125.03	153.081	174.45	177.862	162.455	156.545	150.635
659	"British Columbia"	"45-49"	17.10027	20.65014	22.65836	23.4	24.65835	28.80849	35.95042	47.74218	54.66616	63.42604	65.963	66.69	73.35	95.03	136.293	158.505	175.283	182.002	165.519	149.036
659	"British Columbia"	"50-54"	13.1252	16.80849	20.95014	23.17507	24.35836	27.37507	29.85015	37.40877	48.23236	57.11316	69.277	67.774	69.375	76.313	102.135	138.984	159.319	175.792	182.389	188.986
659	"British Columbia"	"55-59"	10.1252	12.01671	16.20027	20.39178	23.27507	25.37506	27.13343	30.40849	37.17823	50.71805	59.781	71.712	71.387	72.362	83.253	103.504	139.775	156.115	175.421	194.727
659	"British Columbia"	"60-64"	6.99178	8.81671	11.05013	15.90028	20.03344	25.15835	25.45836	27.4167	29.70767	39.37132	55.519	62.105	74.01	73.742	76.891	83.695	105.23	138.243	155.266	172.289
659	"British Columbia"	"65-69"	4.73342	6.37507	8.47507	11.30849	15.50849	20.55864	24.23342	25.55835	26.28728	31.84504	42.373	55.834	62.652	74.966	74.773	76.203	83.177	102.882	136.829	170.776
659	"British Columbia"	"70-74"	3.01671	4.21671	5.87507	7.67507	10.19179	14.5252	20.36686	23.27508	23.58854	26.2829	31.833	40.64	53.507	60.226	71.608	71.064	72.722	79.545	99.283	119.021
659	"British Columbia"	"75-79"	1.55835	2.25834	3.47507	4.61671	6.07507	8.93343	11.95014	16.36685	19.21548	21.12908	23.798	28.137	36.19	47.862	53.303	63.957	64.057	65.561	73.955	82.349
659	"British Columbia"	"80-84"	0.86919	1.18851	1.7901	2.56815	3.48141	4.5932	6.65441	9.2	12.582	15.262	16.394	18.716	22.733	29.139	38.711	43.612	52.784	52.975	56.64	60.305
659	"British Columbia"	"85-89"	0.29197	0.48703	0.61876	0.9713	1.3503	1.8127	2.4932	3.75841	5.301	7.523	9.483	11.007	12.591	15.483	19.433	25.983	30.248	37.241	39.88	42.519
659	"British Columbia"	"90-94"	0.07652	0.11228	0.19496	0.23037	0.33632	0.49387	0.6937	0.9842	1.51941	2.263	4.3	6.302	7.613	8.592	10.086	11.777	12.115	16.059	21.21	26.361
659	"British Columbia"	"95-99"	0.02415	0.02588	0.03807	0.0571	0.06112	0.09046	0.12487	0.19265	0.2646	0.38773	0	0	0	0	0	0	2.914	3.794	5.693	7.592
659	"British Columbia"	"100+"	0.00119	0.00137	0.00325	0.00788	0.00957	0.00535	0.01181	0.01773	0.03698	0.03926	0	0	0	0	0	0	0.451	0.512	0.619	0.726
660	"Manitoba"	"0-4"	36.90821	33.64986	31.13315	29.35836	33.10027	41.80055	48.28356	51.83344	53.07883	43.39616	40.916	38.076	39.317	40.696	40.704	36.321	34.065	37.897	40.327	42.757
660	"Manitoba"	"5-9"	38.0833	37.6	33.64986	31.29151	29.01671	33.02521	42.08384	48.18357	51.29246	50.25101	42.19	39.39	38.317	38.953	40.411	40.45	36.894	35.933	39.911	43.889
660	"Manitoba"	"10-14"	35.65863	37.64165	38.36657	33.60822	30.00822	29.40001	33.67535	41.76711	47.96693	49.60201	49.551	41.009	39.878	38.216	39.148	40.556	41.774	38.954	38.122	37.29
660	"Manitoba"	"15-19"	30.89206	36.80027	37.12494	37.78329	32.10822	29.50823	29.25014	32.94192	41.38309	46.58562	49.324	49.031	41.782	39.849	38.445	39.805	41.877	43.474	41.753	40.032
660	"Manitoba"	"20-24"	24.99178	30.05864	35.82521	34.5748	34.10822	31.87479	29.12493	29.15836	31.83485	40.24348	47.249	47.763	51.02	40.622	38.81	38.035	40.141	42.492	45.577	48.662
660	"Manitoba"	"25-29"	23.16659	24.37507	27.00848	32.1085	30.57508	32.25835	31.4915	28.12493	27.64941	30.68803	40.988	43.841	47.134	47.997	38.993	37.354	37.389	41.101	45.229	49.357
660	"Manitoba"	"30-34"	22.28329	21.84165	21.33343	25.20849	28.25014	29.03343	31.43342	30.16658	27.5642	26.30547	31.615	38.844	43.714	45.841	46.442	38.181	37.388	39.735	44.635	49.535
660	"Manitoba"	"35-39"	21.67506	22.45836	20.86657	21.55014	23.52521	27.15014	29.71672	31.43343	30.07914	26.25857	25.991	29.961	38.164	42.598	45.224	45.921	38.466	38.964	42.481	45.998
660	"Manitoba"	"40-44"	18.09178	20.23343	21.46657	20.46658	20.35835	22.79178	26.76685	28.61671	30.77778	28.18127	25.524	25.27	29.553	37.376	41.901	44.555	46.239	39.452	41.073	42.694
660	"Manitoba"	"45-49"	14.00848	17.55014	19.05835	20.1	19.04164	19.71671	22.60849	26.0085	27.66927	28.95328	26.475	24.735	24.842	28.74	36.759	41.191	44.322	46.091	40.451	34.811
660	"Manitoba"	"50-54"	10.69177	13.35015	16.29179	18.11672	18.42493	17.94165	19.01671	21.40849	25.19347	26.23581	28.761	25.767	24.326	24.07	27.984	36.037	40.763	43.485	45.737	47.989
660	"Manitoba"	"55-59"	8.2	9.47506	11.85012	14.99178	16.44164	16.55835	17.04164	17.93343	20.64205	24.01198	24.574	27.7	25.475	23.478	23.525	27.202	35.339	38.757	42.351	45.945
660	"Manitoba"	"60-64"	6.31671	7.51672	8.21672	10.65014	13.21672	14.21671	15	15.3167	16.89702	19.49052	23.313	23.695	26.911	24.167	22.498	22.511	26.437	33.473	37.425	41.377
660	"Manitoba"	"65-69"	4.41671	5.51672	6.55835	7.77507	9.33341	11.53343	13.17507	13.71671	14.36779	15.87286	18.81	22.027	22.68	25.179	22.729	21.267	21.408	24.948	31.98	39.012
660	"Manitoba"	"70-74"	2.71671	3.91671	4.7	5.51672	6.35835	8.13341	10.23342	11.67507	12.39979	12.81032	14.418	17.171	20.268	20.416	22.917	20.908	19.745	19.715	23.158	26.601
660	"Manitoba"	"75-79"	1.45836	2.11671	3.01671	3.55834	3.99999	4.79999	6.17508	7.77507	9.25962	10.08703	10.694	12.312	14.664	17.33	17.583	19.884	18.659	17.484	17.758	18.032
660	"Manitoba"	"80-84"	0.96008	1.0687	1.52234	1.96689	2.336	2.65354	3.26505	4.17235	5.70038	6.61299	7.177	8.151	9.796	11.363	13.708	14.032	16.29	15.18	14.428	13.676
660	"Manitoba"	"85-89"	0.32053	0.45645	0.53259	0.77426	0.9085	1.13492	1.41654	1.73405	2.33935	3.31638	4.064	4.665	5.405	6.501	7.459	9.152	9.694	11.323	10.775	10.227
660	"Manitoba"	"90-94"	0.10582	0.11796	0.18686	0.18266	0.25026	0.30396	0.38992	0.54654	0.66905	0.97835	1.867	2.48	3.052	3.574	4.359	5.071	4.476	5.076	6.202	7.328
660	"Manitoba"	"95-99"	0.02228	0.03254	0.04218	0.05791	0.05075	0.05544	0.07594	0.09787	0.12849	0.16002	0	0	0	0	0	0	1.287	1.543	1.758	1.973
660	"Manitoba"	"100+"	0.00305	0.00082	0.00689	0.0036	0.00909	0.01288	0.01134	0.00834	0.01126	0.02278	0	0	0	0	0	0	0.21	0.256	0.261	0.266
661	"New Brunswick"	"0-4"	24.99178	23.92493	23.01672	23.83342	26.61699	34.717	36.64164	37.77507	37.03972	29.7612	28.916	26.811	25.043	23.722	22.443	19.028	17.386	17.747	17.509	17.271
661	"New Brunswick"	"5-9"	22.74165	24.03343	24.0915	23.33342	23.34164	27.36685	33.95864	36.77508	37.4515	35.72175	30.264	29.369	26.505	25.249	23.81	22.211	19.313	17.677	17.841	18.005
661	"New Brunswick"	"10-14"	21.54164	22.81672	24.75836	24.20822	22.98329	23.83342	27.1252	33.55863	35.83196	36.13618	36.502	30.983	29.333	26.644	25.426	23.802	22.662	19.578	18.034	16.49
661	"New Brunswick"	"15-19"	19.40001	20.47507	21.77507	23.95836	22.58328	22.12493	23.09178	25.47507	30.43803	33.60032	35.809	36.281	30.296	29.24	26.426	25.168	23.618	23.014	19.868	16.722
661	"New Brunswick"	"20-24"	16.24165	16.65836	19.15015	19.85835	21.17508	20.44985	18.78329	18.68329	19.91117	26.27057	31.845	33.652	34.233	28.131	27.386	24.781	24.069	22.553	22.163	21.773
661	"New Brunswick"	"25-29"	14.25836	13.58329	14.6085	17.23343	17.30849	19.90822	17.84986	16.98329	16.62025	18.42075	27.029	30.747	32.079	32.601	26.843	25.358	23.267	22.148	20.545	18.942
661	"New Brunswick"	"30-34"	12.05836	11.98328	12.03343	13.89177	15.33343	17.39999	18.14164	17.38329	16.3688	16.06294	20.087	27.533	30.356	32.024	32.106	26.451	24.845	23.056	21.591	20.126
661	"New Brunswick"	"35-39"	11.04163	11.71671	11.74164	12.01672	13.03342	15.67507	17.15835	17.91671	17.03158	15.82223	16.477	20.313	27.244	30.401	31.716	31.894	26.28	25.224	23.051	20.878
661	"New Brunswick"	"40-44"	10.05836	10.29999	11.27507	11.44165	11.4167	13.03343	15.07507	16.47506	17.23124	16.15923	15.986	16.733	20.169	27.213	30.087	31.395	31.577	26.652	25.614	24.576
661	"New Brunswick"	"45-49"	9.01671	9.3	9.49999	10.61671	10.65835	11.15835	12.63342	14.47507	15.65146	16.45166	15.961	15.978	16.503	20.055	26.985	29.698	31.239	31.682	26.776	21.87
661	"New Brunswick"	"50-54"	7.55836	8.05835	8.81672	9.15834	9.85836	10.30001	10.74165	11.87506	13.72683	14.96695	16.489	15.88	15.818	16.285	19.863	26.736	29.568	31.001	31.715	32.429
661	"New Brunswick"	"55-59"	6.77507	6.84165	7.27507	8.05835	8.51671	9.15837	9.79999	10.15836	11.36984	13.274	14.649	16.26	15.82	15.613	16.226	19.642	26.617	28.82	30.903	32.986
661	"New Brunswick"	"60-64"	5.49999	5.7	5.95836	6.55835	7.15835	7.75836	8.45835	8.95834	9.54854	10.95416	13.334	14.359	15.923	15.441	15.259	15.875	19.635	25.964	28.095	30.226
661	"New Brunswick"	"65-69"	4.45836	4.9	5.10001	5.51671	5.8	6.51672	7.21672	7.85836	8.54169	9.10447	10.743	12.775	13.803	15.297	14.565	14.593	15.364	18.888	24.936	30.984
661	"New Brunswick"	"70-74"	3.2	3.55835	4.00001	4.35836	4.65835	5.21671	5.91671	6.6	7.14654	7.59867	8.416	9.86	11.721	12.609	13.956	13.479	13.602	14.427	17.615	20.803
661	"New Brunswick"	"75-79"	2.2	2.4	2.65835	3.00001	3.25835	3.55835	3.95835	4.55835	5.01201	5.77769	6.319	7.193	8.495	10.162	10.849	12.139	11.805	12.164	12.91	13.656
661	"New Brunswick"	"80-84"	1.46476	1.49159	1.64798	1.73983	2.02847	2.12428	2.36733	2.808	3.33498	3.68674	4.19	4.744	5.556	6.614	7.907	8.706	9.886	9.748	10.265	10.782
661	"New Brunswick"	"85-89"	0.58939	0.67127	0.7295	0.79432	0.85534	1.03256	1.11628	1.26433	1.507	1.91198	2.201	2.598	3.084	3.595	4.323	5.568	6.006	6.813	7.121	7.429
661	"New Brunswick"	"90-94"	0.18456	0.19653	0.22359	0.246	0.24901	0.2965	0.40956	0.42728	0.49933	0.598	1.095	1.353	1.72	2.083	2.374	2.792	2.625	3.131	3.763	4.395
661	"New Brunswick"	"95-99"	0.03547	0.03152	0.0408	0.04039	0.04975	0.06492	0.05198	0.09556	0.09926	0.11775	0	0	0	0	0	0	0.644	0.862	1.053	1.244
661	"New Brunswick"	"100+"	0.00305	0.00046	0.00247	0.00124	0.0021	0.00838	0.00782	0.00782	0.0114	0.02324	0	0	0	0	0	0	0.086	0.062	0.124	0.186
662	"Newfoundland and Labrador"	"0-4"	NA	NA	NA	NA	NA	24.67535	30.60851	32.87507	33.92325	31.45345	28.951	25.071	22.015	18.906	15.91	12.834	11.462	11.958	11.247	10.536
662	"Newfoundland and Labrador"	"5-9"	NA	NA	NA	NA	NA	20.18356	27.37534	30.87507	32.89976	33.12264	31.372	28.312	24.285	21.776	18.631	14.762	12.891	12.209	12.781	13.353
662	"Newfoundland and Labrador"	"10-14"	NA	NA	NA	NA	NA	17.43343	21.30027	27.44192	30.8229	31.82966	32.986	30.862	27.96	23.925	21.439	17.655	14.76	13.559	12.881	12.203
662	"Newfoundland and Labrador"	"15-19"	NA	NA	NA	NA	NA	16.16657	16.90849	20.62522	25.3282	28.68338	30.194	31.049	29.203	26.742	23.153	20.031	17.196	15.238	13.586	11.934
662	"Newfoundland and Labrador"	"20-24"	NA	NA	NA	NA	NA	14.84985	14.0167	14.74164	17.22487	22.01348	26.289	26.898	27.306	24.685	22.516	18.005	16.65	15.946	14.844	13.742
662	"Newfoundland and Labrador"	"25-29"	NA	NA	NA	NA	NA	12.84986	12.80001	12.78328	13.37612	16.14847	22.626	25.026	25.333	24.904	22.049	17.326	15.107	15.338	15.319	15.3
662	"Newfoundland and Labrador"	"30-34"	NA	NA	NA	NA	NA	11.6	11.8	12.15835	12.33572	12.92378	16.217	22.21	24.384	24.577	23.917	19.908	17.034	16.001	16.045	16.089
662	"Newfoundland and Labrador"	"35-39"	NA	NA	NA	NA	NA	10.09179	11.51671	11.88329	12.10025	11.94656	13.108	15.793	21.508	23.627	23.974	22.414	19.891	18.075	16.776	15.477
662	"Newfoundland and Labrador"	"40-44"	NA	NA	NA	NA	NA	8.07507	10.09177	11.05836	11.3058	11.46616	11.77	12.805	15.387	20.902	23.038	22.48	22.056	20	18.377	16.754
662	"Newfoundland and Labrador"	"45-49"	NA	NA	NA	NA	NA	7.05836	7.97506	9.69178	10.8751	10.91108	11.459	11.445	12.411	14.933	20.479	22.07	21.983	21.81	20.265	18.72
662	"Newfoundland and Labrador"	"50-54"	NA	NA	NA	NA	NA	6.40001	6.7	7.57507	9.40192	10.35727	10.451	11.16	11.049	11.944	14.526	19.704	21.35	21.645	21.744	21.843
662	"Newfoundland and Labrador"	"55-59"	NA	NA	NA	NA	NA	5.45836	6.05836	6.25836	7.14057	8.8849	9.919	10.081	10.799	10.672	11.59	14.065	19.144	20.999	21.368	21.737
662	"Newfoundland and Labrador"	"60-64"	NA	NA	NA	NA	NA	4.64165	5.05836	5.45835	5.83192	6.73456	8.925	9.595	9.587	10.244	10.391	11.141	13.855	19.12	20.769	22.418
662	"Newfoundland and Labrador"	"65-69"	NA	NA	NA	NA	NA	4.05836	4.3	4.55836	5.12267	5.45185	6.371	8.436	9.02	9.006	9.63	9.748	10.673	13.413	18.417	23.421
662	"Newfoundland and Labrador"	"70-74"	NA	NA	NA	NA	NA	3	3.55835	3.69999	4.06387	4.50651	4.948	5.712	7.598	8.082	8.168	8.703	8.821	9.991	12.362	14.733
662	"Newfoundland and Labrador"	"75-79"	NA	NA	NA	NA	NA	1.95836	2.3	2.55836	2.7596	3.17144	3.609	4.114	4.794	6.365	6.832	6.914	7.442	7.76	8.89	10.02
662	"Newfoundland and Labrador"	"80-84"	NA	NA	NA	NA	NA	1.07461	1.25465	1.36393	1.64469	1.83617	2.254	2.607	2.999	3.567	4.806	5.247	5.319	5.842	6.186	6.53
662	"Newfoundland and Labrador"	"85-89"	NA	NA	NA	NA	NA	0.44264	0.52087	0.59159	0.6814	0.88749	1.045	1.403	1.597	1.838	2.21	2.896	3.397	3.525	3.951	4.377
662	"Newfoundland and Labrador"	"90-94"	NA	NA	NA	NA	NA	0.13312	0.15012	0.18847	0.21012	0.25603	0.494	0.575	0.814	0.966	1.082	1.254	1.318	1.634	1.672	1.71
662	"Newfoundland and Labrador"	"95-99"	NA	NA	NA	NA	NA	0.022	0.02537	0.03041	0.04229	0.05357	0	0	0	0	0	0	0.318	0.391	0.506	0.621
662	"Newfoundland and Labrador"	"100+"	NA	NA	NA	NA	NA	0.00147	0	0.00247	0.00147	0.00593	0	0	0	0	0	0	0.05	0.069	0.08	0.091
663	"Northwest Territories"	"0-4"	NA	NA	NA	NA	NA	1.13467	1.29999	1.75835	2.41453	2.68608	2.752	2.835	3.211	3.661	2.076	1.69	1.694	1.601	1.586	1.571
663	"Northwest Territories"	"5-9"	NA	NA	NA	NA	NA	0.86409	1.05836	1.4	1.83094	2.38896	2.74	2.578	2.835	2.94	1.974	1.919	1.624	1.479	1.676	1.873
663	"Northwest Territories"	"10-14"	NA	NA	NA	NA	NA	0.67958	0.8	1.05835	1.34925	1.75435	2.593	2.52	2.518	2.622	1.632	1.764	1.818	1.494	1.357	1.22
663	"Northwest Territories"	"15-19"	NA	NA	NA	NA	NA	0.59675	0.75836	0.8	1.12385	1.40751	1.982	2.5	2.528	2.522	1.553	1.463	1.724	1.761	1.445	1.129
663	"Northwest Territories"	"20-24"	NA	NA	NA	NA	NA	0.6145	0.7	0.85836	0.99825	1.43095	2.158	2.374	2.942	2.879	1.67	1.494	1.645	1.733	1.806	1.879
663	"Northwest Territories"	"25-29"	NA	NA	NA	NA	NA	0.63315	0.65835	0.75834	1.01433	1.22878	2.048	2.364	2.774	3.251	2.004	1.687	1.784	1.765	1.843	1.921
663	"Northwest Territories"	"30-34"	NA	NA	NA	NA	NA	0.47883	0.5	0.65836	0.84124	1.00902	1.452	1.822	2.399	2.689	2.196	1.859	1.713	1.862	1.819	1.776
663	"Northwest Territories"	"35-39"	NA	NA	NA	NA	NA	0.39742	0.4	0.5	0.70058	0.83027	1.107	1.22	1.806	2.142	1.844	1.965	1.723	1.553	1.773	1.993
663	"Northwest Territories"	"40-44"	NA	NA	NA	NA	NA	0.391	0.3	0.4	0.55116	0.65951	0.908	0.995	1.216	1.691	1.513	1.577	1.902	1.533	1.482	1.431
663	"Northwest Territories"	"45-49"	NA	NA	NA	NA	NA	0.302	0.3	0.35836	0.44376	0.53527	0.665	0.831	0.942	1.104	1.206	1.345	1.542	1.785	1.382	0.979
663	"Northwest Territories"	"50-54"	NA	NA	NA	NA	NA	0.297	0.2	0.25835	0.35717	0.40901	0.566	0.568	0.751	0.836	0.702	1.036	1.343	1.448	1.767	2.086
663	"Northwest Territories"	"55-59"	NA	NA	NA	NA	NA	0.184	0.2	0.19999	0.25233	0.299	0.381	0.473	0.519	0.64	0.483	0.561	0.868	1.152	1.274	1.396
663	"Northwest Territories"	"60-64"	NA	NA	NA	NA	NA	0.095	0.1	0.1	0.20741	0.21109	0.274	0.292	0.389	0.417	0.357	0.371	0.489	0.698	0.93	1.162
663	"Northwest Territories"	"65-69"	NA	NA	NA	NA	NA	0.108	0.1	0.1	0.13216	0.14358	0.221	0.23	0.252	0.277	0.251	0.296	0.342	0.412	0.61	0.808
663	"Northwest Territories"	"70-74"	NA	NA	NA	NA	NA	0.086	0.1	0.1	0.08117	0.10425	0.139	0.161	0.188	0.182	0.169	0.203	0.258	0.292	0.348	0.404
663	"Northwest Territories"	"75-79"	NA	NA	NA	NA	NA	0.007	0	0.04164	0.045	0.05375	0.093	0.121	0.128	0.137	0.102	0.141	0.159	0.212	0.273	0.334
663	"Northwest Territories"	"80-84"	NA	NA	NA	NA	NA	0.015	0.025	0.02	0.037	0.023	0.045	0.066	0.081	0.084	0.081	0.068	0.123	0.123	0.161	0.199
663	"Northwest Territories"	"85-89"	NA	NA	NA	NA	NA	0.006	0.006	0.016	0.012	0.02	0.023	0.025	0.04	0.054	0.042	0.046	0.045	0.085	0.087	0.089
663	"Northwest Territories"	"90-94"	NA	NA	NA	NA	NA	0.003	0.003	0.002	0.006	0.003	0.011	0.019	0.024	0.023	0.033	0.044	0.035	0.028	0.046	0.064
663	"Northwest Territories"	"95-99"	NA	NA	NA	NA	NA	0.001	0.001	0.002	0.002	0.003	0	0	0	0	0	0	0.003	0.013	0.007	0.001
663	"Northwest Territories"	"100+"	NA	NA	NA	NA	NA	0	0	0	0	0.001	0	0	0	0	0	0	0	0	0.003	0.006
664	"Nova Scotia"	"0-4"	29.40001	27.19151	25.6167	27.05014	32.92549	39.14191	41.61671	43.97507	43.88279	35.54665	32.859	30.129	30.014	30.232	28.323	24.561	21.402	21.431	20.686	19.941
664	"Nova Scotia"	"5-9"	27.82493	28.15835	27.17479	26.30848	28.3167	31.4252	38.21699	40.87506	42.64655	42.36251	35.423	33.098	30.456	30.215	30.486	28.422	24.704	21.683	21.338	20.993
664	"Nova Scotia"	"10-14"	27.58328	27.85836	28.76657	27.42494	27.6	27.58355	31.34192	37.44193	39.85127	41.42144	43.128	35.749	33.56	30.624	30.583	30.545	28.775	24.865	21.888	18.911
664	"Nova Scotia"	"15-19"	25.64165	25.71671	26.61671	28.34164	27.4	25.9833	26.79178	29.76685	35.23954	38.22934	41.523	42.986	36.022	33.754	31.116	30.804	31.289	28.933	25.933	22.933
664	"Nova Scotia"	"20-24"	20.62494	20.49999	24.42521	26.07507	28.94165	24.79149	23.45835	23.8	25.88038	32.11899	36.852	39.818	42.327	34.96	32.67	30.582	31.163	30.71	29.723	28.736
664	"Nova Scotia"	"25-29"	17.64164	16.66659	18.48355	23.56685	26.55014	24.22492	22.66657	21.44165	21.10886	23.94951	33.172	35.984	39.538	41.046	33.471	31.198	29.042	28.295	29.043	29.791
664	"Nova Scotia"	"30-34"	15.5	15.08328	15.25013	17.95014	22.6085	23.55836	23.14165	22.08329	20.37907	20.77222	25.427	33.242	36.298	40.004	40.665	32.735	30.648	29.057	28.023	26.989
664	"Nova Scotia"	"35-39"	14.64165	14.85837	14.74165	15.23343	17.85013	20.70849	22.93343	22.84164	21.26209	20.40243	21.158	25.407	33.182	36.458	39.907	40.537	32.71	31.048	29.018	26.988
664	"Nova Scotia"	"40-44"	13.29999	13.34165	14.47508	14.49998	15.37507	17.25013	20.20849	21.91671	21.94292	20.50185	20.338	21.15	25.412	33.175	36.363	39.481	40.722	32.842	30.727	28.612
664	"Nova Scotia"	"45-49"	12.75835	12.59999	12.65836	13.91671	14.24165	14.61671	16.25013	19.09178	21.09644	21.1339	20.242	20.331	20.959	25.175	33.202	36.241	39.366	40.262	32.468	24.674
664	"Nova Scotia"	"50-54"	10.95835	11	11.85836	12.25836	13.51672	13.65836	13.80001	15.29178	18.41931	20.29203	20.899	20.028	20.131	20.827	25.342	33.206	36.106	39.272	39.792	40.312
664	"Nova Scotia"	"55-59"	9.41671	9.6	10.17507	11.05836	11.71671	12.11672	12.8	13.15835	14.61919	17.90374	19.764	20.513	19.803	19.916	20.813	25.34	33.207	35.787	38.845	41.903
664	"Nova Scotia"	"60-64"	8	8	8.51672	9.21672	10.07506	10.5	11.1167	11.65835	12.23575	14.28903	17.92	19.316	19.916	19.305	19.492	20.552	25.31	32.749	35.054	37.359
664	"Nova Scotia"	"65-69"	6.85835	7.1	7.20001	7.81672	8.35836	9.17508	9.65835	10.51672	10.91135	11.96866	13.994	17.138	18.481	19.055	18.443	18.795	19.938	24.169	31.596	39.023
664	"Nova Scotia"	"70-74"	4.94165	5.15836	5.8	6.31671	6.9	7.31671	8.2167	8.80001	9.5124	9.99551	10.942	12.797	15.675	16.785	17.53	16.9	17.486	18.509	22.62	26.731
664	"Nova Scotia"	"75-79"	3.60001	3.80001	3.9	4.41671	4.95835	5.15836	5.75836	6.35836	6.85858	7.82347	8.384	9.256	10.959	13.436	14.539	15.209	14.875	15.315	16.331	17.347
664	"Nova Scotia"	"80-84"	2.64828	2.5883	2.60111	2.64036	2.92572	3.20346	3.65155	3.978	4.814	4.962	5.752	6.198	7.074	8.342	10.556	11.584	12.143	11.885	12.326	12.767
664	"Nova Scotia"	"85-89"	1.26355	1.3001	1.31192	1.27551	1.29994	1.50286	1.65646	2.03455	2.215	2.753	2.968	3.561	3.902	4.626	5.539	6.523	7.789	8.431	8.422	8.413
664	"Nova Scotia"	"90-94"	0.46331	0.44236	0.46133	0.45426	0.4325	0.45899	0.59086	0.69446	0.83655	0.921	1.513	1.772	2.394	2.711	3.209	3.462	3.177	4.155	4.647	5.139
664	"Nova Scotia"	"95-99"	0.12932	0.11508	0.12933	0.1243	0.09266	0.11827	0.11146	0.15078	0.17092	0.21045	0	0	0	0	0	0	0.928	1.108	1.451	1.794
664	"Nova Scotia"	"100+"	0.01804	0.01428	0.01534	0.01169	0.0091	0.01488	0.02069	0.00922	0.01754	0.01955	0	0	0	0	0	0	0.163	0.201	0.213	0.225
666	"Ontario"	"0-4"	150.13344	151.35835	146.78328	142.05863	173.26849	229.00246	293.13617	350.77645	371.92376	322.58366	306.12	293.506	309.906	350.26	368.151	348.264	332.085	347.855	346.263	344.671
666	"Ontario"	"5-9"	156.04191	162.4337	155.47398	150.83342	149.91671	178.15205	254.62877	316.76082	361.06975	383.9333	331.875	309.762	300.637	337.116	364.47	387.893	366.977	347.451	361.871	376.291
666	"Ontario"	"10-14"	143.6422	153.96712	167.5915	159.76602	154.95781	158.98384	196.13534	267.47014	321.44217	373.17127	401.049	338.033	319.351	320.742	353.798	385.15	410.719	382.499	359.091	335.683
666	"Ontario"	"15-19"	137.1674	151.85068	152.70822	168.48356	163.74985	158.0663	166.99233	200.85204	274.90238	337.62453	394.916	416.337	351.92	347.774	345.456	382.386	417.283	438.123	409.986	381.849
666	"Ontario"	"20-24"	130.78384	140.56712	153.96711	154.84192	174.70028	175.7833	181.04191	194.65041	222.82421	310.66665	383.287	412.911	442.495	402.155	374.357	373.185	421.719	448.356	478.204	508.052
666	"Ontario"	"25-29"	124.30028	128.33342	140.11754	153.95068	161.85068	185.92658	203.35863	211.25808	209.18848	257.98056	357.974	384.779	423.836	492.241	419.502	398.927	412.74	447.148	477.627	508.106
666	"Ontario"	"30-34"	115.73369	122.5252	126.43398	138.03398	154.78412	171.2011	210.09343	229.49973	218.53644	228.25203	286.299	361.027	394.874	468.07	500.9	445.622	440.403	439.383	474.525	509.667
666	"Ontario"	"35-39"	113.34219	120.25013	122.83342	126.6337	138.19233	159.9178	188.01782	227.78493	233.25978	228.18409	240.681	283.761	363.441	423.467	475.15	522.295	473.772	456.805	457.752	458.699
666	"Ontario"	"40-44"	98.81727	108.7504	117.77534	121.37507	127.1337	141.8926	168.59287	192.65096	226.51184	235.55228	235.284	242.666	285.903	382.895	427.248	488.587	544.196	482.141	465.829	449.517
666	"Ontario"	"45-49"	88.67589	97.26686	104.46713	112.24193	118.8337	128.28356	145.36768	170.57617	187.53628	227.30499	235.917	233.163	241.941	292.561	384.863	433.279	496.664	548.398	486.756	425.114
666	"Ontario"	"50-54"	75.99232	84.60027	92.37534	101.36713	109.24192	117.63398	128.25041	145.8844	167.54609	185.45588	235.353	234.699	233.451	244.452	293.211	383.637	436.371	501.942	546.754	591.566
666	"Ontario"	"55-59"	60.71698	66.00849	77.22575	86.14191	96.94219	103.78358	114.38384	124.62547	140.33307	166.19147	182.61	232.067	234.403	234.708	247.843	289.704	383.115	435.072	499.987	564.902
666	"Ontario"	"60-64"	52.0337	56.59179	59.08357	70.75068	79.77534	88.82548	96.87534	107.25891	119.81653	137.9798	167.133	180.313	228.666	233.094	234.203	244.069	289.622	382.149	430.275	478.401
666	"Ontario"	"65-69"	38.41699	44.90027	50.36685	55.59205	64.71699	74.08383	83.80876	91.46713	102.78722	116.63649	136.084	162.302	175.482	224.538	225.568	226.177	239.171	284.121	375.743	467.365
666	"Ontario"	"70-74"	28.15041	34.64192	38.31671	42.81699	47.86685	57.80055	67.90876	77.24192	84.53352	93.80523	108.782	127.096	149.889	164.558	207.452	209.881	214.356	229.861	273.821	317.781
666	"Ontario"	"75-79"	17.05014	19.59179	25.45864	28.39178	32.05014	36.75012	43.40027	51.3504	59.64081	69.78913	80.556	93.986	110.222	131.815	142.228	181.459	188.647	194.639	213.286	231.933
666	"Ontario"	"80-84"	10.44448	11.33065	13.62651	16.61557	19.55073	22.11469	25.84222	31.388	38.432	45.6479	51.888	62.218	73.263	87.1	103.013	113.059	150.347	156.552	165.596	174.64
666	"Ontario"	"85-89"	4.21388	4.61437	5.22965	6.23908	7.73554	9.58606	11.16572	13.63322	16.993	22.037	27.219	32.932	40.273	48.9	56.84	66.175	78.251	105.973	116.02	126.067
666	"Ontario"	"90-94"	1.24235	1.26011	1.50301	1.69477	2.01906	2.6579	3.43968	4.12672	5.29822	6.853	12.444	16.598	21.277	26.195	30.981	34.99	33.331	41.453	60.325	79.197
666	"Ontario"	"95-99"	0.22754	0.24899	0.24823	0.30091	0.34668	0.45846	0.6124	0.79739	0.95883	1.34712	0	0	0	0	0	0	8.71	10.611	14.847	19.083
666	"Ontario"	"100+"	0.02862	0.02392	0.02845	0.02501	0.03557	0.04552	0.06697	0.06966	0.10193	0.15386	0	0	0	0	0	0	1.444	1.748	1.855	1.962
667	"Prince Edward Island"	"0-4"	4.65836	4.5	4.30001	4.55836	4.41671	5.93341	6.1833	6.21671	6.43045	5.21183	4.671	4.743	4.69	4.808	4.447	3.877	3.439	3.562	3.529	3.496
667	"Prince Edward Island"	"5-9"	4.54164	4.69999	4.48328	4.45835	4.44165	4.81671	5.81672	6.10001	6.47632	6.24814	5.251	4.875	4.771	4.82	4.934	4.524	3.983	3.623	4.043	4.463
667	"Prince Edward Island"	"10-14"	4.55836	4.6	4.74165	4.74166	4.5	4.31672	4.65836	5.57507	5.94065	6.23802	6.516	5.441	4.907	4.834	4.955	5.005	4.61	4.172	3.869	3.566
667	"Prince Edward Island"	"15-19"	4.04164	4.25836	4.45835	4.6	4.20001	4.24163	4.1	4.25835	5.02041	5.51467	6.24	6.584	5.465	4.931	4.844	5.004	4.991	4.761	4.29	3.819
667	"Prince Edward Island"	"20-24"	3.34165	3.2	4.11671	3.9	3.65835	3.54165	3.18329	3.14164	3.1205	4.29994	4.84	5.583	5.871	4.796	4.695	4.504	4.635	4.626	4.711	4.796
667	"Prince Edward Island"	"25-29"	3.04165	2.54164	3.01671	3.55836	3	3.34164	2.88329	2.69999	2.93473	2.92624	4.497	4.754	5.326	5.384	4.466	4.311	4.088	4.013	4.189	4.365
667	"Prince Edward Island"	"30-34"	2.5	2.4	2.45836	2.61671	2.85836	3	2.94165	2.60001	2.74581	2.77258	3.255	4.694	4.847	5.365	5.496	4.509	4.251	4.173	4.239	4.305
667	"Prince Edward Island"	"35-39"	2.4	2.5	2.40001	2.3	2.25835	2.91672	3.04164	2.85836	2.74508	2.62875	2.946	3.403	4.687	4.872	5.465	5.608	4.58	4.501	4.535	4.569
667	"Prince Edward Island"	"40-44"	2.25835	2.2	2.40001	2.39999	2.14165	2.35835	2.85834	2.8	2.79423	2.55307	2.68	3.01	3.375	4.743	4.906	5.565	5.73	4.818	4.745	4.672
667	"Prince Edward Island"	"45-49"	2.1	2.2	2.15835	2.35835	2.2	2	2.3	2.55836	2.78732	2.65681	2.614	2.678	2.961	3.338	4.813	5.034	5.628	5.848	5.149	4.45
667	"Prince Edward Island"	"50-54"	1.89999	1.99999	2.04166	2.10001	2.15836	1.85836	2.04165	2.25836	2.58926	2.69674	2.687	2.644	2.694	2.952	3.408	4.936	5.014	5.752	5.991	6.23
667	"Prince Edward Island"	"55-59"	1.9	1.74164	1.89999	1.9	1.9	1.75836	2.04164	2	2.05077	2.48492	2.673	2.735	2.651	2.71	2.986	3.506	4.926	5.238	5.864	6.49
667	"Prince Edward Island"	"60-64"	1.54166	1.49999	1.5	1.7	1.70001	1.45835	1.90001	1.8	1.81567	2.02542	2.569	2.705	2.701	2.596	2.732	2.974	3.573	5.038	5.286	5.534
667	"Prince Edward Island"	"65-69"	1.45834	1.5	1.4	1.4	1.45835	1.35836	1.7	1.75835	1.81006	1.772	2.003	2.502	2.611	2.621	2.525	2.678	2.899	3.527	4.97	6.413
667	"Prince Edward Island"	"70-74"	1.00001	1.2	1.2	1.2	1.2	1.15836	1.5	1.5	1.67685	1.65041	1.706	1.901	2.355	2.394	2.421	2.373	2.509	2.759	3.429	4.099
667	"Prince Edward Island"	"75-79"	0.79999	0.8	0.9	0.9	0.9	0.89999	1.1	1.09999	1.19767	1.41233	1.466	1.482	1.673	2.078	2.099	2.143	2.074	2.284	2.464	2.644
667	"Prince Edward Island"	"80-84"	0.50522	0.48761	0.54055	0.51208	0.56331	0.589	0.669	0.777	0.892	0.947	1.026	1.141	1.172	1.331	1.633	1.663	1.776	1.729	1.843	1.957
667	"Prince Edward Island"	"85-89"	0.20959	0.25425	0.2456	0.25259	0.26806	0.32	0.321	0.39	0.447	0.549	0.57	0.707	0.758	0.786	0.897	1.03	1.117	1.237	1.26	1.283
667	"Prince Edward Island"	"90-94"	0.0633	0.06908	0.0988	0.07716	0.08113	0.094	0.115	0.135	0.15	0.22	0.325	0.378	0.469	0.517	0.557	0.556	0.54	0.607	0.648	0.689
667	"Prince Edward Island"	"95-99"	0.01202	0.01699	0.0149	0.02008	0.01794	0.026	0.021	0.023	0.033	0.04	0	0	0	0	0	0	0.131	0.193	0.207	0.221
667	"Prince Edward Island"	"100+"	0	0	0	0.00041	0	0.001	0.006	0.003	0.003	0.003	0	0	0	0	0	0	0.027	0.013	0.027	0.041
668	"Quebec"	"0-4"	171.61753	176.64986	170.7337	167.95891	202.95287	251.5852	285.51809	323.13426	321.0173	254.26772	216.851	230.275	218.085	217.016	230.247	192.677	181.498	209.259	216.752	224.245
668	"Quebec"	"5-9"	157.7589	171.4674	179.19972	174.15863	172.57562	210.33534	259.3778	297.46823	327.9265	321.58671	249.333	217.761	229.415	224.604	220.142	230.853	199.397	187.046	216.228	245.41
668	"Quebec"	"10-14"	143.3337	154.72548	174.82685	182.26576	174.69945	176.30027	210.46958	265.57726	298.84914	327.18325	318.518	245.662	217.159	234.468	229.074	221.043	237.622	205.39	191.668	177.946
668	"Quebec"	"15-19"	132.63398	148.10904	153.46712	172.88411	175.60822	171.59149	177.78439	217.46056	270.16635	299.0152	332.085	319.949	245.009	225.058	241.123	232.141	227.601	251.104	213.113	175.122
668	"Quebec"	"20-24"	115.09233	131.90904	148.90931	152.29179	168.65863	174.74192	177.25864	184.18383	222.83338	270.25609	310.638	329.995	316.049	252.208	230.47	246.334	246.142	247.372	268.206	289.04
668	"Quebec"	"25-29"	101.73426	111.84192	125.31672	139.55067	148.54192	163.58383	180.85864	181.60822	185.44595	226.09046	280.007	299.842	320.942	318.742	253.075	229.374	253.626	260.936	261.088	261.24
668	"Quebec"	"30-34"	87.49233	95.06685	101.68273	117.55095	134.81726	148.29233	169.9096	186.88357	185.7613	185.53997	231.951	273.268	295.187	326.128	317.078	252.784	236.877	269.377	277.414	285.451
668	"Quebec"	"35-39"	72.52521	81.90876	90.04193	102.22576	116.95069	133.27589	152.96739	174.96767	188.17871	183.74564	183.92	223.923	266.384	297.957	324.785	316.213	259.632	249.393	282.254	315.115
668	"Quebec"	"40-44"	66.00877	72.76684	80.67562	88.65041	100.53397	116.11753	135.31753	151.05068	172.60563	182.83601	180.788	179.951	219.708	269.284	295.194	322.214	320.101	265.286	256.347	247.408
668	"Quebec"	"45-49"	56.56712	62.2085	68.23342	75.95041	85.34219	97.47561	113.57588	131.91754	146.74554	168.47096	178.32	175.146	175.16	220.226	266.417	292.378	320.112	318.849	267.599	216.349
668	"Quebec"	"50-54"	45.33369	51.38356	57.95863	65.65041	73.11699	83.34219	94.46712	111.66768	129.7737	142.21631	167.433	172.993	171.619	174.569	216.24	262.267	289.952	317.324	315.821	314.318
668	"Quebec"	"55-59"	38.21699	41.61671	46.37506	52.77533	61.57534	67.90028	78.15041	90.6841	106.91024	126.23157	137.522	161.296	169.018	170.188	171.113	212.139	257.103	281.036	312.58	344.124
668	"Quebec"	"60-64"	31.56686	33.77507	36.21671	42.29205	48.40028	56.20027	62.6252	72.33397	86.41504	103.28383	123.272	131.594	154.546	165.172	163.513	166.377	207.819	250.019	273.757	297.495
668	"Quebec"	"65-69"	23.85014	26.73344	29.82547	34.00849	37.76684	43.80877	50.70027	57.49206	67.68736	82.13934	98.768	114.76	123.956	148.873	154.284	156.003	157.022	199.329	241.02	282.711
668	"Quebec"	"70-74"	16.25835	19.15014	22.39206	24.75835	27.50849	31.6337	38.28356	44.67534	51.09509	60.31753	74.035	88.422	103.004	114.1	133.656	142.139	143.057	149.435	187.997	226.559
668	"Quebec"	"75-79"	10.11671	11.97506	13.98357	15.81672	17.27508	20.1085	23.39178	27.94192	33.78983	41.51376	49.33	60.989	74.129	88.836	96.283	116.265	123.533	129.701	136.713	143.725
668	"Quebec"	"80-84"	5.99699	6.89921	8.18847	9.16858	10.07264	11.10768	13.34966	15.94	19.325	23.522	28.119	35.801	45.582	56.927	67.403	75.272	92.778	104.107	109.251	114.395
668	"Quebec"	"85-89"	2.33837	2.55979	3.11927	3.66313	3.99563	4.74625	5.41268	6.60566	8.088	10.023	13.216	16.281	22.087	29.132	36.119	42.652	50.439	66.954	76.497	86.04
668	"Quebec"	"90-94"	0.70555	0.66961	0.78427	0.97509	1.09653	1.26777	1.56025	1.77468	2.30866	2.872	5.232	7.083	9.738	13.603	17.846	21.837	20.35	27.505	38.181	48.857
668	"Quebec"	"95-99"	0.12075	0.12819	0.11803	0.14651	0.18899	0.22521	0.22422	0.31963	0.37607	0.47395	0	0	0	0	0	0	5.378	6.966	10.029	13.092
668	"Quebec"	"100+"	0.00957	0.00879	0.01229	0.00773	0.01477	0.02845	0.02419	0.02504	0.04326	0.05607	0	0	0	0	0	0	0.868	1.173	1.254	1.335
669	"Saskatchewan"	"0-4"	53.74137	51.94164	46.59973	41.7915	37.95014	46.99205	52.86684	55.25835	54.88943	42.96896	36.485	39.695	42.563	39.462	35.919	31.31	28.672	33.311	36.552	39.793
669	"Saskatchewan"	"5-9"	53.49178	54.67506	52.29973	45.09972	38.44985	39.11672	46.40026	51.06685	53.64023	51.5333	38.642	37.843	40.368	40.089	38.858	35.368	30.796	30.47	35.507	40.544
669	"Saskatchewan"	"10-14"	46.10054	52.70028	54.07479	48.48302	40.38302	36.94985	38.23343	44.017	49.48596	51.01945	48.115	39.573	38.734	38.328	39.46	38.517	35.115	32.626	32.653	32.68
669	"Saskatchewan"	"15-19"	35.62548	46.28384	50.42493	49.31644	41.54138	35.37479	33.84165	34.83343	41.27555	45.98947	47.048	47.839	39.878	36.428	37.921	38.472	37.661	35.984	34.23	32.476
669	"Saskatchewan"	"20-24"	28.15013	35.35041	42.47534	41.21644	36.38329	32.61642	30.77479	28.14165	29.65546	34.81823	38.816	44.858	47.942	34.381	33.242	34.489	35.961	38.624	37.474	36.324
669	"Saskatchewan"	"25-29"	26.52492	28.79178	31.4252	34.58357	30.95014	31.72494	30.63315	27.16657	25.32475	26.43271	30.337	38.6	44.86	41.711	32.061	30.719	31.462	37.124	42.24	47.356
669	"Saskatchewan"	"30-34"	25.82493	26.01671	25.65014	27.25014	27.55015	29.75835	30.32494	28.56657	25.69142	24.07019	24.44	31.658	39.178	41.294	39.803	31.069	28.685	32.469	40.691	48.913
669	"Saskatchewan"	"35-39"	25.53343	26.25836	24.56658	23.67508	23.84191	27.45014	29.31671	29.14163	27.3347	24.38563	21.835	24.905	31.964	36.526	40.15	38.883	29.991	30.453	35.173	39.893
669	"Saskatchewan"	"40-44"	20.35013	23.59179	24.60001	22.40822	20.45835	22.39179	26.05013	27.73342	27.74381	25.81427	22.592	22.218	25.108	30.225	35.354	39.141	37.991	31.177	32.931	34.685
669	"Saskatchewan"	"45-49"	15.4252	19.90849	21.87507	21.68329	19.48329	19.25836	21.4085	24.69177	26.44115	26.37616	23.931	22.514	22.005	23.903	29.512	34.647	38.179	38.658	32.646	26.634
669	"Saskatchewan"	"50-54"	10.69179	14.46684	18.1085	19.75836	18.66657	17.58328	17.95836	20.1085	23.44842	25.12127	24.774	23.733	22.356	21.251	23.355	28.732	33.883	38.566	38.714	38.862
669	"Saskatchewan"	"55-59"	7.71671	9.81672	12.66685	15.79178	16.68329	15.94164	16.05837	16.85836	19.10325	22.437	23.203	24.036	23.378	21.565	20.796	22.57	27.986	33.675	38.012	42.349
669	"Saskatchewan"	"60-64"	6.07507	7.11671	8.07506	10.96685	13.21671	13.71671	13.89999	14.35836	15.41786	18.10617	21.261	22.545	23.271	22.169	20.759	19.923	21.692	27.519	32.821	38.123
669	"Saskatchewan"	"65-69"	4.11672	5.21672	6.05836	7.23343	9.17507	11.07507	12.47506	12.75834	13.05301	14.37348	16.69	20.114	21.626	21.893	20.867	19.46	18.844	20.752	26.045	31.338
669	"Saskatchewan"	"70-74"	2.51672	3.77507	4.45835	5.01671	5.67507	7.37507	9.53343	10.81671	11.35859	11.57067	12.85	15.318	18.594	19.669	20.105	19.133	17.943	17.503	18.93	20.357
669	"Saskatchewan"	"75-79"	1.35836	1.91671	2.75836	3.15836	3.35835	4.31671	5.81671	7.27506	8.62063	9.32131	9.523	11.009	13.383	16.429	17.351	17.552	16.765	16.013	15.605	15.197
669	"Saskatchewan"	"80-84"	0.67564	0.92361	1.27043	1.70747	1.95849	2.19886	2.7955	3.904	5.148	6.198	6.716	7.235	8.669	10.555	13.169	13.823	14.336	13.876	13.476	13.076
669	"Saskatchewan"	"85-89"	0.23854	0.34365	0.45472	0.66152	0.82348	0.93849	1.13786	1.4955	2.204	3.101	3.846	4.283	4.729	5.87	7.185	8.25	9.653	10.051	9.848	9.645
669	"Saskatchewan"	"90-94"	0.09318	0.09525	0.12904	0.17277	0.24392	0.28275	0.35849	0.45786	0.6125	0.973	1.861	2.464	2.883	3.178	4.059	4.505	4.024	5.218	5.369	5.52
669	"Saskatchewan"	"95-99"	0.02312	0.02551	0.02703	0.03331	0.04741	0.04999	0.05875	0.0879	0.12084	0.17696	0	0	0	0	0	0	1.173	1.371	1.728	2.085
669	"Saskatchewan"	"100+"	0.0013	0.00042	0.00094	0	0.00039	0.00341	0.00641	0.00974	0.02166	0.02104	0	0	0	0	0	0	0.165	0.269	0.253	0.237
670	"Yukon"	"0-4"	NA	NA	NA	NA	NA	0.54467	0.75835	1.05835	1.09007	0.96651	1.085	1.001	1.126	1.186	1.211	0.948	0.858	0.91	1.126	1.342
670	"Yukon"	"5-9"	NA	NA	NA	NA	NA	0.35608	0.55835	0.9	0.94125	1.01959	0.994	0.989	0.919	1.162	1.169	1.05	0.953	0.932	0.961	0.99
670	"Yukon"	"10-14"	NA	NA	NA	NA	NA	0.18641	0.35835	0.5	0.66976	0.86026	1.138	0.939	0.93	0.96	1.211	1.147	1.091	0.971	0.899	0.827
670	"Yukon"	"15-19"	NA	NA	NA	NA	NA	0.20575	0.25836	0.3	0.48433	0.68026	0.998	1.064	0.888	0.933	0.924	1.133	1.118	1.1	1.051	1.002
670	"Yukon"	"20-24"	NA	NA	NA	NA	NA	0.29702	0.40001	0.39999	0.49292	0.78852	1.145	1.246	1.191	0.957	1.006	0.904	1.058	1.139	1.169	1.199
670	"Yukon"	"25-29"	NA	NA	NA	NA	NA	0.46177	0.60001	0.49999	0.5275	0.71377	1.25	1.392	1.422	1.399	1.22	1.065	1.066	1.262	1.232	1.202
670	"Yukon"	"30-34"	NA	NA	NA	NA	NA	0.33353	0.45835	0.55836	0.53159	0.55619	0.873	1.225	1.387	1.567	1.646	1.225	1.204	1.274	1.392	1.51
670	"Yukon"	"35-39"	NA	NA	NA	NA	NA	0.2466	0.3	0.45835	0.49467	0.45758	0.618	0.772	1.106	1.45	1.608	1.562	1.206	1.334	1.434	1.534
670	"Yukon"	"40-44"	NA	NA	NA	NA	NA	0.18433	0.25835	0.4	0.4095	0.424	0.507	0.557	0.669	1.18	1.45	1.545	1.581	1.234	1.497	1.76
670	"Yukon"	"45-49"	NA	NA	NA	NA	NA	0.09358	0.2	0.25835	0.29417	0.36709	0.424	0.453	0.507	0.724	1.153	1.373	1.542	1.635	1.333	1.031
670	"Yukon"	"50-54"	NA	NA	NA	NA	NA	0.101	0.1	0.2	0.22268	0.27067	0.389	0.335	0.43	0.521	0.719	1.061	1.332	1.513	1.48	1.447
670	"Yukon"	"55-59"	NA	NA	NA	NA	NA	0.1	0.1	0.1	0.16	0.19583	0.245	0.313	0.309	0.418	0.476	0.615	0.995	1.29	1.387	1.484
670	"Yukon"	"60-64"	NA	NA	NA	NA	NA	0.105	0.1	0.1	0.11275	0.12409	0.186	0.208	0.248	0.263	0.34	0.416	0.57	0.935	1.336	1.737
670	"Yukon"	"65-69"	NA	NA	NA	NA	NA	0.08	0	0.1	0.07166	0.07192	0.106	0.135	0.172	0.205	0.227	0.307	0.365	0.536	0.88	1.224
670	"Yukon"	"70-74"	NA	NA	NA	NA	NA	0	0	0.1	0.05641	0.03683	0.058	0.083	0.107	0.15	0.165	0.192	0.27	0.319	0.46	0.601
670	"Yukon"	"75-79"	NA	NA	NA	NA	NA	0.006	0	0	0.02708	0.0345	0.04	0.046	0.062	0.088	0.117	0.136	0.19	0.255	0.298	0.341
670	"Yukon"	"80-84"	NA	NA	NA	NA	NA	0.011	0.014	0.015	0.019	0.02	0.033	0.034	0.031	0.048	0.067	0.097	0.111	0.146	0.234	0.322
670	"Yukon"	"85-89"	NA	NA	NA	NA	NA	0.003	0.005	0.005	0.009	0.013	0.01	0.019	0.018	0.018	0.033	0.045	0.072	0.082	0.101	0.12
670	"Yukon"	"90-94"	NA	NA	NA	NA	NA	0.001	0.002	0.003	0.002	0.006	0.011	0.007	0.014	0.015	0.015	0.033	0.047	0.037	0.049	0.061
670	"Yukon"	"95-99"	NA	NA	NA	NA	NA	0.001	0	0	0.002	0	0	0	0	0	0	0	0.002	0.012	0.016	0.02
670	"Yukon"	"100+"	NA	NA	NA	NA	NA	0	0	0	0	0.001	0	0	0	0	0	0	0	0	0.001	0.002
665	"Nunavut"	"0-4"	NA	NA	NA	NA	NA	NA	NA	NA	NA	NA	NA	NA	NA	NA	1.732	1.685	1.688	1.978	1.956	1.934
665	"Nunavut"	"5-9"	NA	NA	NA	NA	NA	NA	NA	NA	NA	NA	NA	NA	NA	NA	1.617	1.683	1.661	1.629	2.021	2.413
665	"Nunavut"	"10-14"	NA	NA	NA	NA	NA	NA	NA	NA	NA	NA	NA	NA	NA	NA	1.245	1.533	1.644	1.554	1.606	1.658
665	"Nunavut"	"15-19"	NA	NA	NA	NA	NA	NA	NA	NA	NA	NA	NA	NA	NA	NA	1.122	1.218	1.506	1.664	1.505	1.346
665	"Nunavut"	"20-24"	NA	NA	NA	NA	NA	NA	NA	NA	NA	NA	NA	NA	NA	NA	1.083	1.154	1.282	1.503	1.644	1.785
665	"Nunavut"	"25-29"	NA	NA	NA	NA	NA	NA	NA	NA	NA	NA	NA	NA	NA	NA	1.24	1.183	1.31	1.415	1.557	1.699
665	"Nunavut"	"30-34"	NA	NA	NA	NA	NA	NA	NA	NA	NA	NA	NA	NA	NA	NA	1.042	1.166	1.159	1.331	1.515	1.699
665	"Nunavut"	"35-39"	NA	NA	NA	NA	NA	NA	NA	NA	NA	NA	NA	NA	NA	NA	0.707	0.942	1.128	0.987	1.196	1.405
665	"Nunavut"	"40-44"	NA	NA	NA	NA	NA	NA	NA	NA	NA	NA	NA	NA	NA	NA	0.545	0.681	0.887	1.039	0.967	0.895
665	"Nunavut"	"45-49"	NA	NA	NA	NA	NA	NA	NA	NA	NA	NA	NA	NA	NA	NA	0.466	0.565	0.718	0.879	1.002	1.125
665	"Nunavut"	"50-54"	NA	NA	NA	NA	NA	NA	NA	NA	NA	NA	NA	NA	NA	NA	0.349	0.514	0.572	0.693	0.856	1.019
665	"Nunavut"	"55-59"	NA	NA	NA	NA	NA	NA	NA	NA	NA	NA	NA	NA	NA	NA	0.274	0.321	0.438	0.553	0.682	0.811
665	"Nunavut"	"60-64"	NA	NA	NA	NA	NA	NA	NA	NA	NA	NA	NA	NA	NA	NA	0.196	0.233	0.262	0.381	0.485	0.589
665	"Nunavut"	"65-69"	NA	NA	NA	NA	NA	NA	NA	NA	NA	NA	NA	NA	NA	NA	0.107	0.115	0.171	0.197	0.372	0.547
665	"Nunavut"	"70-74"	NA	NA	NA	NA	NA	NA	NA	NA	NA	NA	NA	NA	NA	NA	0.052	0.057	0.094	0.138	0.152	0.166
665	"Nunavut"	"75-79"	NA	NA	NA	NA	NA	NA	NA	NA	NA	NA	NA	NA	NA	NA	0.032	0.032	0.046	0.088	0.079	0.07
665	"Nunavut"	"80-84"	NA	NA	NA	NA	NA	NA	NA	NA	NA	NA	NA	NA	NA	NA	0.02	0.019	0.022	0.042	0.045	0.048
665	"Nunavut"	"85-89"	NA	NA	NA	NA	NA	NA	NA	NA	NA	NA	NA	NA	NA	NA	0.011	0.011	0.014	0.015	0.018	0.021
665	"Nunavut"	"90-94"	NA	NA	NA	NA	NA	NA	NA	NA	NA	NA	NA	NA	NA	NA	0.007	0.013	0.007	0.005	0.007	0.009
665	"Nunavut"	"95-99"	NA	NA	NA	NA	NA	NA	NA	NA	NA	NA	NA	NA	NA	NA	0	0	0.003	0.002	0.003	0.004
665	"Nunavut"	"100+"	NA	NA	NA	NA	NA	NA	NA	NA	NA	NA	NA	NA	NA	NA	0	0	0	0	0.001	0.002
