"reg_code"	"name"	"age"	"1925"	"1930"	"1935"	"1940"	"1945"	"1950"	"1955"	"1960"	"1965"	"1970"	"1975"	"1980"	"1985"	"1990"	"1995"	"2000"	"2005"	"2010"	"2015"
658	"Alberta"	"0-4"	37.52467	38.5085	38.8	37.13341	41.48355	55.05918	72.25916	89.03399	93.6649	79.2074	78.002	93.334	106.576	108.298	104.237	99.328	104.217	125.39	138.837
658	"Alberta"	"5-9"	38.14165	40.03342	39.63315	38.8	36.75836	44.22549	59.90904	76.35917	90.39238	93.52307	82.859	88.937	94.762	105.144	109.408	109.332	106.238	111.01	133.825
658	"Alberta"	"10-14"	33.45864	39.1252	41.20822	39.09151	37.49151	38.25014	47.10878	61.70082	77.44405	90.60056	97.85	91.531	90.198	94.316	107.486	114.571	116.547	115.259	119.32
658	"Alberta"	"15-19"	27.9252	35.47535	38.71671	40.52493	36.94986	37.49178	40.15014	47.50877	60.60764	77.75741	97.622	112.853	95.392	92.853	99.165	114.585	126.796	126.682	125.617
658	"Alberta"	"20-24"	24.73343	32.2504	35.72521	36.94165	37.63287	37.38356	41.55015	43.97507	47.99976	65.02379	92.126	134.668	127.897	102.047	99.246	115.323	134.915	144.837	150.682
658	"Alberta"	"25-29"	24.69151	30.72546	33.75835	33.17506	33.54164	36.85862	43.87534	48.66684	46.72862	54.39538	81.103	119.037	138.807	126.68	107.236	116.543	132.139	163.705	176.149
658	"Alberta"	"30-34"	25.69973	27.32521	30.76685	31.06659	30.65835	34.55863	40.97534	48.61699	50.19784	49.40698	64.011	96.566	118.749	131.628	128.648	117.052	127.502	149.528	186.19
658	"Alberta"	"35-39"	28.82493	28.4	27.24164	28.99179	28.95836	32.7085	38.88357	44.65862	49.21679	50.82669	52.891	72.609	95.031	112.82	132.248	136.421	125.692	141.564	165.532
658	"Alberta"	"40-44"	25.75014	28.89177	27.90823	25.62494	26.98329	29.30848	34.4252	39.74192	43.81476	48.40206	52.551	58.933	71.181	92.067	112.458	136.195	143.547	136.958	150.773
658	"Alberta"	"45-49"	19.86686	25.74191	28.44165	25.99151	23.95836	26.14192	30.69178	35.1252	38.73556	42.6177	48.951	55.059	57.323	68.515	91.488	114.13	140.04	152.8	142.051
658	"Alberta"	"50-54"	14.73343	19.15862	24.86685	26.18328	23.87479	23.01672	26.75015	30.06685	33.50111	36.67055	43.142	49.957	53.285	55.156	66.795	91.9	116.166	145.52	153.51
658	"Alberta"	"55-59"	9.97508	12.82521	18.04191	22.35014	23.70822	21.18328	22.23343	25.76684	28.13052	31.74179	35.162	41.917	47.731	50.847	53.799	65.978	91.269	116.561	143.782
658	"Alberta"	"60-64"	7.45835	9.29179	11.55013	15.62519	19.51672	20.01671	19.22494	20.3085	23.55557	25.81451	29.81	32.927	38.868	44.721	48.958	51.674	64.508	88.343	112.835
658	"Alberta"	"65-69"	4.77507	6.37507	7.97507	10.15013	13.39177	16.36685	18.05836	17.38329	17.92663	20.89426	23.446	26.658	29.429	35.85	41.747	45.839	48.451	59.37	83.519
658	"Alberta"	"70-74"	2.71672	4.17507	5.05836	6.37506	8.13343	10.79178	13.59177	15.07507	14.5782	14.5674	18.02	19.786	22.528	25.839	31.633	37.318	41.18	43.534	54.33
658	"Alberta"	"75-79"	1.35835	1.95836	2.91671	3.55835	4.35835	5.71671	7.57507	9.93343	11.27443	10.66553	10.86	13.976	15.321	18.115	20.862	26.028	31.64	34.541	37.47
658	"Alberta"	"80-84"	0.59554	0.87755	1.24821	1.67074	2.08203	2.5951	3.6538	4.906	6.712	7.683	6.871	7.165	9.297	10.652	12.7	14.913	19.538	23.665	26.77
658	"Alberta"	"85-89"	0.20481	0.24741	0.41534	0.5592	0.68897	0.8902	1.2291	1.7938	2.392	3.417	3.878	3.664	3.761	5.257	5.79	7.347	8.943	11.65	15.323
658	"Alberta"	"90-94"	0.05183	0.07232	0.06644	0.15217	0.15764	0.18745	0.2782	0.4241	0.6308	0.893	1.568	1.868	1.801	2.018	2.58	2.947	2.821	3.742	5.238
658	"Alberta"	"95-99"	0.0144	0.0158	0.02279	0.01786	0.03567	0.03863	0.05145	0.0522	0.0985	0.14324	0	0	0	0	0	0	0.586	0.612	0.935
658	"Alberta"	"100+"	0	0.00043	0.00125	0.00111	0.00102	0.00382	0.00745	0.01289	0.00871	0.02076	0	0	0	0	0	0	0.007	0.051	0.022
659	"British Columbia"	"0-4"	25.95835	26.15835	24.16659	27.27536	42.77534	60.41727	75.22575	92.2589	98.12616	90.90148	93.001	97.241	108.186	114.546	124.048	113.44	106.055	114.632	114.475
659	"British Columbia"	"5-9"	28.11671	29.77507	28.30823	27.75835	32.96685	44.95041	65.47589	84.45069	96.81641	109.0938	100.787	98.547	101.07	115.621	127.544	128.326	116.472	112.879	119.763
659	"British Columbia"	"10-14"	25.15013	29.16686	32.40822	30.72493	31.98329	38.45863	50.5674	71.61753	87.16331	108.82209	121.291	106.827	102.182	108.003	129.542	134.78	134.259	127.231	118.572
659	"British Columbia"	"15-19"	22.80027	29.50027	30.74164	34.48329	34.53343	36.46658	41.41699	54.40054	74.35839	96.41717	122.172	128.551	112.102	111.827	125.137	142.345	145.073	146.769	143.117
659	"British Columbia"	"20-24"	21.88357	27.60026	32.60029	33.3	39.23342	41.29973	43.50026	49.41644	58.35952	85.61197	117.689	131.495	133.945	120.431	129.845	134.035	147.821	154.199	168.109
659	"British Columbia"	"25-29"	23.34192	28.08355	30.49179	34.88355	38.95836	44.45835	49.99206	55.71644	52.51327	74.21727	112.922	125.574	136.926	144.884	146.678	138.395	133.629	158.599	156.845
659	"British Columbia"	"30-34"	26.68329	26.4	29.38357	32.23342	39.45014	43.52494	49.85042	58.34164	56.9536	65.24039	91.72	119.9	131.092	147.535	170.12	151.043	138.563	146.617	160.556
659	"British Columbia"	"35-39"	29.90821	28.12493	26.70001	29.90848	34.96685	41.18384	48.94191	56.12521	59.67663	66.11922	74.839	95.28	122.782	139.016	166.332	174.302	152.005	148.222	151.673
659	"British Columbia"	"40-44"	30.13344	32.59178	29.35808	27	31.95015	37.85864	47.00876	51.97507	56.41691	66.01602	72.984	78.412	96.81	128.954	153.529	170.595	175.826	158.902	153.041
659	"British Columbia"	"45-49"	25.97534	32.85864	33.79151	28.19972	27.87506	33.60026	40.85041	49.50028	52.17026	60.85119	69.947	73.467	78.316	99.24	138.569	157.038	169.427	178.859	160.438
659	"British Columbia"	"50-54"	19.50849	26.21699	32.60849	32.2915	28.45808	31.24165	35.05863	41.94192	49.44532	54.05813	65.782	69.974	74.292	80.074	103.462	139.813	155.391	172.717	176.181
659	"British Columbia"	"55-59"	14.46684	18.92521	25.1337	30.09178	31.20821	30.20793	29.55013	34.54192	40.12839	49.73647	54.813	65.148	71.206	76.323	83.848	103.743	138.02	155.643	170.596
659	"British Columbia"	"60-64"	11.35014	14.35014	17.2085	23.41698	27.97506	30.9082	27.19151	27.83343	32.72485	39.48288	51.494	53.774	65.078	71.99	78.887	82.996	103.416	137.871	152.793
659	"British Columbia"	"65-69"	6.99178	9.49179	13.00849	16.05013	21.16684	28.04191	29.24164	26.23315	26.18288	31.3906	40.306	49.115	52.045	64.76	70.355	75.791	80.363	100.116	133.74
659	"British Columbia"	"70-74"	3.97508	6.13342	7.87506	10.55014	13.29178	19.50027	24.74192	25.68329	22.67887	22.55535	29.757	35.357	43.58	47.632	58.194	64.017	69.557	75.087	94.748
659	"British Columbia"	"75-79"	2.11671	3.11671	4.47506	5.93342	7.65836	10.97507	14.5085	18.70849	18.91366	17.2086	17.822	23.183	27.894	35.616	38.649	48.374	53.973	59.796	67.174
659	"British Columbia"	"80-84"	0.9098	1.2973	1.94373	2.81913	3.79914	5.03661	6.96057	9.442	12.442	12.755	11.438	11.708	15.51	19.444	24.919	27.712	36.132	40.918	48.187
659	"British Columbia"	"85-89"	0.2846	0.4017	0.57782	0.8715	1.19786	1.71171	2.32261	3.36257	4.569	6.2	6.442	6.047	6.267	8.613	10.575	13.676	16.636	22.173	27.272
659	"British Columbia"	"90-94"	0.07448	0.08332	0.14006	0.18821	0.25459	0.35984	0.55071	0.78461	1.13857	1.55	3.014	3.311	3.101	3.343	4.094	4.956	5.1	7.132	10.598
659	"British Columbia"	"95-99"	0.02717	0.0211	0.02356	0.04273	0.04353	0.04739	0.07432	0.12067	0.16549	0.24396	0	0	0	0	0	0	1.024	1.167	1.963
659	"British Columbia"	"100+"	0.00351	0.00607	0.00163	0.00529	0.00471	0.00291	0.00981	0.01317	0.01997	0.02605	0	0	0	0	0	0	0.11	0.169	0.115
660	"Manitoba"	"0-4"	37.7748	34.50822	31.68328	30.3167	34.76685	43.62547	50.1252	54.25014	55.41499	45.07786	43.448	40.185	41.447	42.629	42.448	38.239	35.924	39.191	42.07
660	"Manitoba"	"5-9"	39.50822	38.44164	34.99974	32.04166	29.68328	34.30026	43.82549	50.14193	53.62503	52.47729	43.802	41.541	40.029	41.341	42.565	42.124	39.152	38.105	41.254
660	"Manitoba"	"10-14"	37.14193	39.04166	39.10822	35.01644	30.9748	30.67507	35.03371	43.95041	50.07988	51.71977	51.486	42.689	41.57	39.95	41.595	42.584	43.333	41.311	40.686
660	"Manitoba"	"15-19"	31.10027	37.10027	37.76657	38.02492	33.21644	29.50822	29.81671	34.50029	42.78161	48.05016	50.97	50.365	43.59	42.424	40.32	41.908	43.967	44.577	44.336
660	"Manitoba"	"20-24"	25.01671	30.77535	35.80849	35.24986	34.69151	29.8915	28.85836	29.65835	32.75914	41.04469	47.734	48.973	53.596	42.909	41.256	39.758	42.816	44.188	47.497
660	"Manitoba"	"25-29"	22.7915	26.24192	28.83342	32.21671	30.96657	30.3	30.32493	29.55837	28.33168	31.74581	42.269	43.685	49.398	50.114	41.018	39.558	38.859	41.862	46.311
660	"Manitoba"	"30-34"	23.51643	23.83343	24.25835	26.79178	28.63342	28.97507	30.21671	30.2833	28.9507	27.02086	32.963	39.339	43.809	47.833	47.87	40.004	38.662	38.479	44.623
660	"Manitoba"	"35-39"	25.7	24.82493	22.66657	23.63342	24.25835	27.82521	29.41672	30.23343	29.6522	26.96145	26.962	30.807	38.705	42.638	46.492	47.475	39.769	38.814	40.387
660	"Manitoba"	"40-44"	22.79178	24.93343	23.60821	21.62493	21.81672	24.00849	27.46685	28.61671	29.61042	27.55584	26.407	25.757	30.29	37.909	41.537	45.969	47.594	39.917	40.221
660	"Manitoba"	"45-49"	18.36685	23.00028	24.28329	22.60822	20.12493	21.23342	23.76685	26.69178	27.61421	27.51243	26.236	25.048	25.183	29.386	37.004	40.572	46.464	47.766	40.965
660	"Manitoba"	"50-54"	14.17507	17.76686	21.59178	22.94165	20.90823	19.2	20.33343	22.60849	25.56091	25.52158	26.359	25.028	24.327	24.271	28.329	35.824	40.392	45.684	47.652
660	"Manitoba"	"55-59"	10.21672	12.59178	15.86686	19.59177	20.52494	18.28329	17.71672	19.17507	21.3791	23.68083	23.495	24.906	24.25	23.257	23.161	27.062	34.724	39.116	44.087
660	"Manitoba"	"60-64"	8.11671	9.47507	10.87507	14.30849	17.2167	17.51671	16.18329	16.05836	17.33833	19.37116	22.158	21.671	23.234	22.546	21.863	21.741	26.035	33.063	37.142
660	"Manitoba"	"65-69"	5.67507	7.17507	8.41672	9.89178	12.33343	14.65015	15.41671	14.48329	14.04969	15.10975	17.105	19.534	19.468	20.738	20.178	19.807	19.604	23.682	31.052
660	"Manitoba"	"70-74"	3.51671	4.77508	6.01672	6.71672	7.81671	9.89177	11.93343	12.65836	11.84503	11.31615	12.767	14.124	16.291	16.304	17.616	17.373	17.08	17.411	21.093
660	"Manitoba"	"75-79"	1.95836	2.45835	3.31671	4.1	4.60001	5.41671	7.07507	8.47508	9.21182	8.58405	8.134	9.646	10.659	12.483	12.516	13.966	14.105	13.969	14.78
660	"Manitoba"	"80-84"	0.88944	1.17875	1.58101	2.04743	2.35489	2.7195	3.41314	4.13633	5.18602	5.6855	5.19	5.18	6.347	7.061	8.386	8.726	10.072	10.265	10.426
660	"Manitoba"	"85-89"	0.29635	0.41645	0.54446	0.69185	0.86093	1.05848	1.2595	1.64214	1.93233	2.57802	2.824	2.709	2.711	3.352	3.786	4.42	4.897	5.727	6.39
660	"Manitoba"	"90-94"	0.09482	0.08954	0.13338	0.18782	0.20212	0.29042	0.33548	0.3775	0.54214	0.65333	1.165	1.36	1.293	1.31	1.611	1.77	1.62	2.003	2.535
660	"Manitoba"	"95-99"	0.01712	0.02217	0.02645	0.03526	0.04075	0.05102	0.0609	0.07692	0.08798	0.10958	0	0	0	0	0	0	0.32	0.406	0.485
660	"Manitoba"	"100+"	0.00258	0.00127	0	0.00355	0.00591	0.00983	0.01037	0.00582	0.01326	0.0048	0	0	0	0	0	0	0.044	0.061	0.038
661	"New Brunswick"	"0-4"	25.45837	24.12493	23.55837	24.29178	27.71698	36.88356	38.08328	40.2167	39.24542	31.18086	30.236	28.082	26.296	25.194	23.807	20.697	18.134	18.64	17.467
661	"New Brunswick"	"5-9"	23.45836	25.37507	24.4915	23.87506	23.85835	28.73342	35.51699	38.27507	39.18843	37.67512	32.07	30.799	28.035	26.374	25.354	23.561	20.784	18.681	19.202
661	"New Brunswick"	"10-14"	22.21671	23.51672	25.31671	24.44986	23.38328	24.53342	28.08357	34.87535	37.04105	37.79149	38.425	32.819	30.613	28.117	26.662	25.186	23.798	21.358	19.496
661	"New Brunswick"	"15-19"	19.80001	21.47507	22.6167	24.67507	23.02493	21.82493	22.69179	26.06685	31.39172	34.71547	37.723	38.11	32.1	30.818	28.221	26.757	25.293	24.284	21.852
661	"New Brunswick"	"20-24"	15.79999	17.45836	20.72521	21.65835	23.06658	19.37481	17.85836	18.51671	20.60133	27.57127	32.77	34.372	35.27	29.321	28.559	25.757	25.104	24.68	23.906
661	"New Brunswick"	"25-29"	13.94166	13.44164	15.36685	18.83341	19.23343	18.99149	17.02492	16.8	16.57876	19.14541	28.771	30.748	32.88	33.144	27.883	25.682	23.307	23.092	21.901
661	"New Brunswick"	"30-34"	11.85834	11.9	12.17506	14.9085	16.77506	17.92493	17.44165	16.98329	16.18971	16.03158	21.631	28.489	30.194	32.117	32.488	26.955	24.23	22.677	22.322
661	"New Brunswick"	"35-39"	11.70001	11.95836	11.94164	12.53343	14.07507	16.77507	17.15835	17.55836	16.62534	15.61966	17.166	21.696	28.358	30.122	31.871	32.121	26.255	24.533	22.694
661	"New Brunswick"	"40-44"	10.49999	10.75836	11.67508	11.64165	11.77507	14.47508	15.87507	16.85836	16.98814	15.79564	16.089	17.475	21.548	28.086	29.641	31.448	31.245	26.139	24.418
661	"New Brunswick"	"45-49"	9.85836	10.25835	10.44165	11.21671	10.74165	11.71671	13.49179	15.41671	15.87291	16.08283	15.715	15.86	16.781	21.064	27.425	28.977	30.416	30.804	25.917
661	"New Brunswick"	"50-54"	8.61672	8.95835	9.75835	10	10.45836	10.55834	11.05835	12.89177	14.49494	14.87415	15.76	15.236	15.26	16.606	20.546	26.939	28.454	30.32	30.554
661	"New Brunswick"	"55-59"	6.95835	7.55835	8.31671	8.89999	9.05835	9.55835	9.85835	10.45837	12.10994	13.60988	14.301	15.141	14.65	15.029	16.185	19.996	26.354	28.223	30.019
661	"New Brunswick"	"60-64"	6.49999	6.45835	6.69999	7.31671	7.75837	8.25835	8.75835	8.9	9.33789	11.07416	13.024	13.413	14.195	14.014	14.472	15.591	19.484	25.888	27.206
661	"New Brunswick"	"65-69"	4.95836	5.15835	5.65837	6.25835	6.3	7.11672	7.55836	7.95835	7.91851	8.38264	10.241	11.654	11.945	13.042	12.671	13.203	14.734	18.415	24.462
661	"New Brunswick"	"70-74"	3.65836	4.05837	4.2	4.55835	5.05836	5.61672	6.05835	6.40001	6.59919	6.49391	6.999	8.478	9.659	10.199	11.048	10.915	11.557	13.263	16.751
661	"New Brunswick"	"75-79"	2.2	2.39999	2.85836	2.9	3.15836	3.55836	4.00001	4.4	4.53858	4.81226	4.827	5.259	6.292	7.392	7.833	8.636	8.718	9.562	11.325
661	"New Brunswick"	"80-84"	1.21545	1.34755	1.49043	1.57273	1.64676	1.94451	2.15877	2.468	2.77633	2.7806	2.961	3.035	3.283	4.02	4.834	5.26	6.122	6.293	7.225
661	"New Brunswick"	"85-89"	0.45599	0.48007	0.54949	0.63797	0.65799	0.75743	0.82451	1.02877	1.158	1.32833	1.414	1.473	1.523	1.765	2.057	2.618	2.85	3.567	3.877
661	"New Brunswick"	"90-94"	0.1174	0.13911	0.15734	0.14919	0.19086	0.18336	0.23843	0.28451	0.34577	0.383	0.573	0.658	0.704	0.753	0.836	0.902	0.93	1.179	1.518
661	"New Brunswick"	"95-99"	0.03049	0.02661	0.02936	0.02363	0.03149	0.03195	0.05385	0.04191	0.05288	0.0662	0	0	0	0	0	0	0.156	0.204	0.323
661	"New Brunswick"	"100+"	0.00041	0	0.00115	0.00209	0.00032	0.003	0.00345	0.00582	0.00635	0.00681	0	0	0	0	0	0	0.025	0.031	0.017
662	"Newfoundland and Labrador"	"0-4"						25.51699	31.57506	33.87507	35.85245	32.57474	30.72	26.406	22.71	19.586	16.922	13.468	11.938	12.726	11.936
662	"Newfoundland and Labrador"	"5-9"						20.58356	28.37534	31.60848	33.92094	34.7503	32.64	29.973	25.701	22.493	19.285	15.721	13.536	12.811	13.475
662	"Newfoundland and Labrador"	"10-14"						17.63342	21.82521	28.11698	31.60358	33.0575	34.568	32.206	29.547	25.397	22.345	18.35	15.778	14.076	13.233
662	"Newfoundland and Labrador"	"15-19"						16.59999	17.15013	20.5252	25.46804	29.3787	31.397	32.042	30.512	28.642	24.646	20.792	17.896	15.958	14.215
662	"Newfoundland and Labrador"	"20-24"						15.16657	15.27506	15.48329	16.90806	22.13731	26.444	26.568	27.529	25.483	23.778	18.389	17.256	16.469	15.529
662	"Newfoundland and Labrador"	"25-29"						13.56658	14.11671	14.1833	14.1734	16.3004	23.265	24.943	24.828	24.681	22.065	16.786	14.967	15.408	15.673
662	"Newfoundland and Labrador"	"30-34"						12.5	13.11671	13.44164	13.51061	13.60029	17.174	22.832	24.058	24.059	23.201	19.055	16.207	15.211	15.992
662	"Newfoundland and Labrador"	"35-39"						11.29179	12.73342	13.22493	13.24907	12.97124	13.964	16.697	22.094	23.712	23.306	21.471	18.939	17.14	15.519
662	"Newfoundland and Labrador"	"40-44"						9.03342	11.57507	12.70001	12.67072	12.42822	13.033	13.724	16.175	21.483	22.984	21.916	21.304	19.412	17.234
662	"Newfoundland and Labrador"	"45-49"						7.41672	9.39178	11.15835	12.13909	12.00105	12.206	12.412	13.022	15.59	20.832	21.611	21.087	21.219	19.765
662	"Newfoundland and Labrador"	"50-54"						6.60001	7.31672	9.03344	10.58522	11.44883	11.311	11.709	11.811	12.553	14.824	19.742	21.103	21.328	21.563
662	"Newfoundland and Labrador"	"55-59"						5.85836	6.30001	6.85836	8.29116	9.97148	10.65	10.561	10.973	11.265	12.018	14.157	19.148	20.946	20.988
662	"Newfoundland and Labrador"	"60-64"						5.14164	5.35836	5.55836	6.08838	7.50441	9.426	9.789	9.727	10.164	10.561	11.268	13.851	18.916	20.343
662	"Newfoundland and Labrador"	"65-69"						4.45835	4.70001	4.65836	4.99809	5.35502	6.578	8.114	8.629	8.7	9.052	9.478	10.532	13.094	17.818
662	"Newfoundland and Labrador"	"70-74"						3.3	3.7	3.7	3.90885	4.09909	4.509	5.384	6.608	7.119	7.256	7.629	8.237	9.389	11.738
662	"Newfoundland and Labrador"	"75-79"						2.05836	2.44164	2.65836	2.70576	2.88833	2.837	3.224	3.958	4.927	5.266	5.404	5.876	6.622	7.815
662	"Newfoundland and Labrador"	"80-84"						0.93708	1.2406	1.3175	1.52431	1.64579	1.699	1.787	2.023	2.427	3.091	3.408	3.634	4.03	4.744
662	"Newfoundland and Labrador"	"85-89"						0.37994	0.38834	0.52447	0.63504	0.71162	0.755	0.848	0.887	1.024	1.205	1.665	1.679	2.002	2.253
662	"Newfoundland and Labrador"	"90-94"						0.11004	0.11288	0.11231	0.18042	0.20103	0.332	0.386	0.434	0.402	0.419	0.499	0.546	0.587	0.775
662	"Newfoundland and Labrador"	"95-99"						0.01732	0.01644	0.02238	0.01887	0.03558	0	0	0	0	0	0	0.081	0.1	0.13
662	"Newfoundland and Labrador"	"100+"						0.00392	0.00337	0.00091	0.00591	0.002	0	0	0	0	0	0	0.003	0.005	0.011
663	"Northwest Territories"	"0-4"						1.20077	1.35835	1.81671	2.52928	2.72575	2.894	2.88	3.43	3.787	2.083	1.741	1.639	1.73	1.59
663	"Northwest Territories"	"5-9"						0.86842	1.15835	1.4	1.86027	2.52597	2.913	2.69	2.911	3.164	2.045	1.987	1.653	1.447	1.878
663	"Northwest Territories"	"10-14"						0.80766	0.85836	1.05836	1.40542	1.84646	2.732	2.745	2.693	2.676	1.862	1.808	1.928	1.517	1.388
663	"Northwest Territories"	"15-19"						0.88073	0.79999	0.9	1.25141	1.43602	2.15	2.639	2.704	2.625	1.629	1.73	1.852	1.846	1.391
663	"Northwest Territories"	"20-24"						1.00983	1.15836	1.15836	1.30268	1.56003	2.285	2.468	3.09	2.988	1.663	1.531	1.851	1.877	1.828
663	"Northwest Territories"	"25-29"						0.88684	1.05835	1.29999	1.30016	1.47594	2.327	2.515	3.058	3.365	2.039	1.691	1.821	1.951	1.894
663	"Northwest Territories"	"30-34"						0.772	0.95836	1.1	1.21684	1.22969	1.819	2.255	2.864	2.953	2.388	1.869	1.854	1.743	1.954
663	"Northwest Territories"	"35-39"						0.577	0.7	0.9	0.97749	1.05376	1.351	1.464	2.292	2.515	2.058	2.036	1.822	1.657	1.69
663	"Northwest Territories"	"40-44"						0.487	0.59999	0.7	0.77133	0.82158	1.154	1.171	1.513	2.086	1.703	1.735	2.065	1.611	1.545
663	"Northwest Territories"	"45-49"						0.385	0.5	0.54164	0.60209	0.68284	0.897	1.026	1.148	1.369	1.457	1.529	1.788	1.892	1.404
663	"Northwest Territories"	"50-54"						0.284	0.30001	0.5	0.50383	0.51499	0.685	0.805	0.938	1.017	0.874	1.232	1.513	1.642	1.827
663	"Northwest Territories"	"55-59"						0.204	0.25835	0.3	0.42234	0.41016	0.517	0.601	0.71	0.806	0.583	0.744	1.148	1.285	1.587
663	"Northwest Territories"	"60-64"						0.189	0.2	0.2	0.25542	0.32585	0.404	0.416	0.493	0.554	0.432	0.454	0.649	0.914	1.092
663	"Northwest Territories"	"65-69"						0.102	0.1	0.15835	0.1725	0.15725	0.24	0.313	0.323	0.346	0.293	0.343	0.375	0.488	0.637
663	"Northwest Territories"	"70-74"						0.111	0.1	0.1	0.12667	0.10184	0.171	0.18	0.22	0.234	0.183	0.243	0.269	0.267	0.375
663	"Northwest Territories"	"75-79"						0.089	0	0.1	0.06892	0.072	0.071	0.139	0.143	0.153	0.125	0.138	0.183	0.2	0.214
663	"Northwest Territories"	"80-84"						0.007	0.019	0.022	0.029	0.045	0.05	0.048	0.087	0.088	0.071	0.091	0.097	0.112	0.155
663	"Northwest Territories"	"85-89"						0.002	0.004	0.008	0.014	0.009	0.031	0.031	0.03	0.036	0.039	0.032	0.051	0.049	0.055
663	"Northwest Territories"	"90-94"						0.001	0.001	0	0.004	0.003	0	0.013	0.019	0.024	0.017	0.017	0.005	0.02	0.026
663	"Northwest Territories"	"95-99"						0	0	0	0	0.002	0	0	0	0	0	0	0.004	0.001	0.008
663	"Northwest Territories"	"100+"						0	0	0	0	0	0	0	0	0	0	0	0	0	0.001
664	"Nova Scotia"	"0-4"	30.14164	27.94987	26.73343	28.27506	34.26712	39.94191	44.18328	46.45836	46.17424	37.28922	34.499	31.812	31.21	31.449	29.919	25.697	22.243	22.963	21.992
664	"Nova Scotia"	"5-9"	29.12493	28.95836	27.81644	27.20849	29.55836	33.18356	39.90027	42.83341	44.74406	44.51647	37.344	34.84	31.989	31.462	31.882	29.654	25.591	22.849	22.925
664	"Nova Scotia"	"10-14"	28.74164	28.7	29.48329	28.20821	28.48328	29.10849	32.88356	39.01698	41.77244	43.54551	45.267	37.656	35.144	32.185	31.865	31.738	29.597	26.29	23.089
664	"Nova Scotia"	"15-19"	26.05836	27.17507	27.65835	28.89999	27.84163	26.54165	27.50849	31.64192	36.82845	40.00226	44.044	45.298	38.324	35.701	32.753	32.056	32.011	30.51	27.266
664	"Nova Scotia"	"20-24"	21.45835	22.55835	26.32521	27.45836	28.83316	24.96657	24.40851	25.64164	27.12219	32.9382	38.319	40.774	45.018	36.445	33.226	30.444	30.938	32.325	31.41
664	"Nova Scotia"	"25-29"	17.5833	17.34164	20.95863	25.43342	26.68328	24.69151	22.92493	22.54164	22.35411	24.85855	34.622	35.835	40.576	42.122	33.521	30.187	27.319	28.672	30.236
664	"Nova Scotia"	"30-34"	15.34165	15.34165	15.89179	20.50026	24.77507	23.58329	22.64165	22.02493	20.91928	21.42215	26.524	33.921	36.029	39.938	40.795	32.616	29.246	27.462	27.901
664	"Nova Scotia"	"35-39"	15.74165	15.64164	15.12493	16.26685	20.19178	22.10849	22.94164	22.24164	20.77403	20.78573	21.955	26.329	33.722	35.83	39.22	40.388	32.241	29.895	27.458
664	"Nova Scotia"	"40-44"	14.04165	14.2	15.31671	15.04165	16.53343	18.68356	21.83342	22.3	21.36393	20.1301	20.634	21.844	26.102	33.435	35.414	38.545	39.903	32.166	29.299
664	"Nova Scotia"	"45-49"	13.64165	13.64165	13.7	14.71672	14.74165	15.23343	18.40849	20.71671	21.09228	20.69236	19.555	20.288	21.473	25.834	33.233	35.082	38.183	38.951	31.552
664	"Nova Scotia"	"50-54"	12.25836	12.49999	13	13.15836	14.15835	13.71671	15.05835	17.60849	19.67088	19.94156	20.019	19.059	19.925	21.057	25.341	33.049	34.755	37.566	37.842
664	"Nova Scotia"	"55-59"	9.81671	10.20001	11.37507	11.9	12.31671	12.55836	12.85835	13.71672	16.24914	18.59582	18.801	19.179	18.474	19.338	20.725	24.876	32.745	34.033	36.89
664	"Nova Scotia"	"60-64"	9.15835	9.3	9.31671	10.21671	10.6	10.85836	11.31671	11.65836	12.18666	15.08265	17.397	17.591	18.028	17.465	18.636	19.979	24.622	31.773	33.014
664	"Nova Scotia"	"65-69"	7.35835	7.50001	8.10001	8.51672	9.10001	9.57508	9.95835	10.31672	10.27318	11.07799	13.562	15.429	15.791	16.41	15.912	17.34	18.723	22.997	29.902
664	"Nova Scotia"	"70-74"	5.55837	5.65835	5.9	6.51671	7.15836	7.53342	8.09999	8.50001	8.55418	8.50867	9.279	11.217	12.69	13.247	13.717	13.769	15.213	16.728	20.756
664	"Nova Scotia"	"75-79"	3.69999	3.7	4.05836	4.15836	4.65835	5.05836	5.55836	5.95837	6.13408	6.232	6.122	6.7	8.249	9.533	10.007	10.749	11.068	12.188	14.143
664	"Nova Scotia"	"80-84"	2.02944	2.035	2.17897	2.1987	2.42054	2.6836	3.1772	3.395	3.764	3.854	3.667	3.78	4.275	5.259	6.102	6.72	7.528	7.864	8.803
664	"Nova Scotia"	"85-89"	0.88772	0.81562	0.88434	0.93366	0.95453	1.15938	1.2756	1.4842	1.628	1.832	1.818	1.794	1.873	2.203	2.586	3.146	3.697	4.305	4.653
664	"Nova Scotia"	"90-94"	0.24691	0.27101	0.26634	0.26548	0.26026	0.30436	0.38438	0.4126	0.5022	0.566	0.863	0.84	0.853	0.892	1.017	1.109	1.134	1.573	1.833
664	"Nova Scotia"	"95-99"	0.05068	0.05026	0.06336	0.04432	0.04664	0.05517	0.07236	0.06882	0.08608	0.1102	0	0	0	0	0	0	0.191	0.256	0.418
664	"Nova Scotia"	"100+"	0.00074	0.00202	0.00688	0.00298	0.00599	0.00528	0.00345	0.00537	0.01171	0.0118	0	0	0	0	0	0	0.008	0	0.019
666	"Ontario"	"0-4"	154.11671	155.73343	151.47507	147.40027	181.72658	239.30164	307.6274	367.77672	390.03641	339.47769	323.045	307.857	326.905	369.197	387.997	360.763	350.347	364.973	365.121
666	"Ontario"	"5-9"	158.74192	166.5337	159.91562	154.95013	154.0748	187.96	266.71999	330.85261	377.80136	403.62802	348.626	327.88	315.979	356.384	383.174	406.8	382.625	367.189	378.789
666	"Ontario"	"10-14"	144.51726	157.40082	171.72493	164.20766	159.10767	163.7337	202.96081	281.73698	336.54712	391.09205	421.294	355.811	336.086	337.34	372.591	404.448	428.464	403.739	379.084
666	"Ontario"	"15-19"	136.83397	156.50931	158.48302	173.47534	166.80795	162.82493	171.99232	209.86055	283.26884	346.54561	410.774	434.833	373.741	369.718	365.578	403.01	440.734	457.003	434.758
666	"Ontario"	"20-24"	120.27535	140.94301	162.32603	159.95809	171.41644	177.89152	183.23315	192.02493	219.26783	309.3549	382.776	415.502	461.772	411.946	383.44	390.413	438.29	455.936	500.601
666	"Ontario"	"25-29"	121.15013	132.9841	143.41754	158.61726	160.92466	181.13424	208.47562	218.6578	205.93631	261.41187	362.647	374.081	423.178	499.811	419.269	404.083	409.599	435.685	469.521
666	"Ontario"	"30-34"	116.66685	126.25042	133.22548	142.64247	157.35864	170.85068	205.20219	233.98356	225.31917	233.32239	296.021	361.049	383.512	463.791	506.178	446.256	437.999	416.694	451.423
666	"Ontario"	"35-39"	115.15014	123.0337	128.47506	135.6422	144.21698	164.92603	191.42574	224.71808	237.00098	238.44538	249.528	292.18	363.694	412.042	468.934	528.056	479.149	441.186	435.11
666	"Ontario"	"40-44"	102.45862	115.28383	123.79206	127.45014	135.74191	148.04246	178.29289	196.61727	222.59099	241.55465	246.805	250.173	291.756	380.84	413.305	483.114	553.63	477.116	448.171
666	"Ontario"	"45-49"	90.34246	104.96712	112.98356	118.38356	124.04191	134.63369	155.00932	179.13425	189.93337	222.51687	241.329	241.203	246.584	297.11	378.691	421.348	497.933	551.56	478.066
666	"Ontario"	"50-54"	76.8337	89.95863	100.96712	108.64192	114.25013	123.32547	135.41726	152.71754	172.80111	184.16309	225.941	234.93	236.951	247.444	289.248	378.286	424.644	496.928	545.698
666	"Ontario"	"55-59"	61.94193	68.78356	80.9841	92.27535	101.45863	105.35835	115.63399	127.81725	141.73587	165.13866	174.079	214.632	228.673	233.696	242.11	283.653	371.618	417.869	487.627
666	"Ontario"	"60-64"	51.92521	56.06685	60.55862	71.97562	82.8504	89.78356	94.26684	103.83397	115.54389	130.94455	157.126	162.502	201.845	219.033	225.455	232.006	276.71	362.009	405.544
666	"Ontario"	"65-69"	38.62521	44.6252	49.45013	54.89206	62.70028	73.86713	80.36685	84.24193	90.84827	101.75752	117.396	139.859	146.94	187.032	201.606	209.867	216.686	261.104	346.463
666	"Ontario"	"70-74"	26.5252	33.61698	36.90001	40.08355	44.66686	52.71698	61.51699	66.25013	68.9521	72.41809	85.265	97.784	117.502	127.179	161.688	177.372	186.141	199.903	241.775
666	"Ontario"	"75-79"	15.99178	18.95013	23.82521	25.47508	27.93342	32.39177	36.94191	42.94191	45.71278	48.36509	53.031	63.368	73.68	91.499	99.253	129.395	146.212	158.678	177.136
666	"Ontario"	"80-84"	8.78729	9.43645	11.60042	13.68942	15.32803	16.98912	19.78056	22.645	26.675	28.71344	29.473	33.327	40.722	49.009	61.024	67.681	94.308	109.192	125.355
666	"Ontario"	"85-89"	3.32626	3.45171	3.96225	4.88268	5.63933	6.62066	7.5024	8.81156	10.259	12.537	13.601	14.582	17.047	21.835	25.456	31.082	39.122	56.532	71.472
666	"Ontario"	"90-94"	0.93031	0.91571	0.96741	1.12282	1.31874	1.55244	1.96486	2.4054	2.76956	3.136	5.567	6.304	6.86	8.285	9.888	10.918	11.531	16.503	26.757
666	"Ontario"	"95-99"	0.18567	0.1474	0.1678	0.18659	0.19342	0.2158	0.30473	0.36274	0.48215	0.47621	0	0	0	0	0	0	2.126	2.723	4.494
666	"Ontario"	"100+"	0.02475	0.02318	0.01353	0.02066	0.01446	0.02539	0.02747	0.04231	0.05129	0.06479	0	0	0	0	0	0	0.199	0.261	0.219
667	"Prince Edward Island"	"0-4"	4.8	4.7	4.6	4.85835	4.57507	6.21671	6.44165	6.45835	6.83096	5.39351	5.141	5.002	4.879	4.967	4.698	4.078	3.451	3.602	3.695
667	"Prince Edward Island"	"5-9"	4.8	4.8	4.7	4.7	4.64163	5.19999	6.01671	6.24164	6.59959	6.58705	5.496	5.314	5.038	4.991	5.127	4.718	4.216	3.727	4.013
667	"Prince Edward Island"	"10-14"	4.69999	4.8	4.69999	4.84165	4.64164	4.55835	4.99999	5.8167	6.11957	6.3695	6.96	5.745	5.395	5.156	5.114	5.127	4.829	4.472	4.006
667	"Prince Edward Island"	"15-19"	4.25837	4.59999	4.69999	4.7	4.5	4.34164	4.24164	4.41671	5.15331	5.73182	6.293	6.875	5.727	5.305	5.151	5.14	5.083	5.005	4.754
667	"Prince Edward Island"	"20-24"	3.35835	3.75835	4.45836	4.6	4.28329	3.7833	3.24165	3.25835	3.30008	4.48493	4.994	5.436	6.209	4.864	4.864	4.442	4.671	4.647	4.909
667	"Prince Edward Island"	"25-29"	2.74165	2.8	3.63344	3.99999	3.8	3.4	2.94165	2.85835	3.01572	3.05784	4.704	4.792	5.25	5.415	4.503	4.177	3.952	3.968	3.922
667	"Prince Edward Island"	"30-34"	2.3	2.6	2.65835	3.27507	3.35835	3.05836	2.94165	2.65836	2.96949	2.86915	3.313	4.849	4.798	5.174	5.352	4.363	4.259	3.907	3.924
667	"Prince Edward Island"	"35-39"	2.40001	2.7	2.6	2.6	2.85836	3.05835	3.04164	2.8	2.84231	2.80508	3.071	3.505	4.811	4.853	5.245	5.43	4.559	4.334	4.103
667	"Prince Edward Island"	"40-44"	2.25836	2.3	2.55835	2.6	2.30001	2.75835	3	2.85835	2.88174	2.67239	2.875	3.124	3.531	4.783	4.896	5.266	5.577	4.705	4.49
667	"Prince Edward Island"	"45-49"	2.10001	2.3	2.2	2.45835	2.30001	2.25836	2.7	2.75835	2.79606	2.70783	2.704	2.872	3.034	3.41	4.738	4.88	5.18	5.707	5.108
667	"Prince Edward Island"	"50-54"	1.99999	2.1	2.2	2.10001	2.25835	2.15836	2.34165	2.45836	2.73758	2.63408	2.632	2.654	2.843	2.991	3.417	4.828	4.877	5.436	5.888
667	"Prince Edward Island"	"55-59"	1.84165	1.8	2	2.00001	1.9	2	2.1	2.1	2.38893	2.6005	2.575	2.592	2.663	2.779	2.975	3.446	4.827	5.055	5.427
667	"Prince Edward Island"	"60-64"	1.5	1.6	1.7	1.75835	1.75836	1.65836	1.9	1.95836	1.93375	2.18117	2.503	2.455	2.488	2.563	2.67	2.936	3.48	4.9	5.009
667	"Prince Edward Island"	"65-69"	1.60001	1.6	1.5	1.5	1.5	1.55836	1.7	1.70001	1.87558	1.79134	2.012	2.319	2.288	2.318	2.341	2.512	2.809	3.299	4.774
667	"Prince Edward Island"	"70-74"	1.1	1.2	1.3	1.3	1.2	1.2	1.5	1.4	1.52158	1.5405	1.522	1.703	1.959	1.932	1.962	2.013	2.26	2.525	3.109
667	"Prince Edward Island"	"75-79"	0.8	0.9	0.9	0.9	0.9	0.9	1	1	1.08866	1.14324	1.175	1.191	1.331	1.523	1.445	1.528	1.638	1.855	2.149
667	"Prince Edward Island"	"80-84"	0.4187	0.42656	0.49524	0.44069	0.50644	0.551	0.581	0.615	0.671	0.715	0.695	0.803	0.742	0.892	0.978	1.007	1.084	1.185	1.303
667	"Prince Edward Island"	"85-89"	0.15274	0.18296	0.20195	0.2153	0.19524	0.239	0.266	0.269	0.325	0.317	0.376	0.36	0.433	0.383	0.47	0.583	0.545	0.599	0.616
667	"Prince Edward Island"	"90-94"	0.04107	0.05254	0.05262	0.06343	0.05204	0.063	0.074	0.09	0.092	0.106	0.148	0.184	0.216	0.229	0.19	0.196	0.218	0.217	0.242
667	"Prince Edward Island"	"95-99"	0.00741	0.0105	0.01041	0.00902	0.00787	0.016	0.015	0.014	0.022	0.022	0	0	0	0	0	0	0.028	0.058	0.055
667	"Prince Edward Island"	"100+"	0.00106	0.00045	0	0.00048	0.00054	0.001	0.004	0.002	0.001	0.005	0	0	0	0	0	0	0	0.001	0.007
668	"Quebec"	"0-4"	172.23424	178.44986	174.08357	171.30903	211.95261	263.38576	297.10137	336.76766	338.24822	267.1474	228.758	243.875	230.913	226.505	240.591	203.144	191.185	218.074	228.315
668	"Quebec"	"5-9"	158.37562	173.32576	180.52438	176.69205	175.78356	217.02767	270.67809	309.07671	341.50177	337.01584	261.633	229.343	242.926	237.056	230.135	241.257	209.751	196.251	224.484
668	"Quebec"	"10-14"	138.15014	153.09261	176.26876	184.83233	176.58274	181.16713	218.72795	275.75232	312.02181	340.53212	333.713	258.081	227.7	247.458	241.811	231.333	248.886	214.333	201.487
668	"Quebec"	"15-19"	124.91698	142.88438	152.56713	172.23425	178.86658	171.83287	179.96767	220.26083	272.19802	308.22317	342.56	332.846	258.36	236.158	253.955	245.48	237.853	255.633	221.503
668	"Quebec"	"20-24"	104.21698	124.95946	138.43288	142.84192	165.17616	167.78301	171.06713	178.70027	218.13133	268.93224	315.832	335.641	330.326	264.589	238.485	260.5	259.493	256.961	271.041
668	"Quebec"	"25-29"	87.44191	105.48438	122.71671	135.59232	141.28357	159.14247	174.15041	181.32494	181.84071	225.93255	286.538	302.4	326.59	332.193	262.229	239.709	265.181	271.336	268.156
668	"Quebec"	"30-34"	82.1337	95.00055	104.90822	118.30081	132.49205	142.66712	162.17643	183.19206	185.59975	186.90182	238.742	277.158	295.185	332.519	327.352	263.433	249.848	279.887	286.055
668	"Quebec"	"35-39"	74.77534	86.20055	94.34219	106.13398	116.6337	131.16767	148.37562	170.44273	184.80152	184.86051	188.075	229.164	269.437	298.736	328.348	325.65	271.921	261.044	292.264
668	"Quebec"	"40-44"	68.22547	76.10877	83.5167	89.27535	102.45068	115.34247	134.30931	148.88383	168.91161	179.6266	181.94	181.768	222.542	270.136	294.823	322.636	329.887	275.912	267.267
668	"Quebec"	"45-49"	60.65891	66.6252	73.80028	81.7337	86.24192	98.21726	115.86766	133.85069	143.88006	163.76313	174.267	172.955	172.548	220.234	263.811	287.2	319.082	327.274	277.209
668	"Quebec"	"50-54"	49.50878	55.8337	63.28357	69.97535	77.44191	84.89206	95.9589	112.79261	128.94653	136.86081	158.232	165.351	164.783	170.922	212.771	256.423	283.045	321.184	322.909
668	"Quebec"	"55-59"	36.5252	43.37535	50.65835	57.217	64.45863	70.89178	77.92548	89.8507	105.10914	120.50105	127.13	146.956	155.574	160.98	164.149	205.324	248.061	282.352	315.831
668	"Quebec"	"60-64"	32.22521	34.91671	37.92493	44.70877	51.30028	57.42521	62.24191	70.22547	80.83145	94.62032	111.039	114.268	133.206	146.691	150.566	154.97	197.97	245.104	273.637
668	"Quebec"	"65-69"	24.65013	26.83343	30.12548	34.82521	38.90849	44.59206	50.35014	54.55864	60.9852	69.26681	83.283	94.035	98.902	120.42	130.243	136.725	143.679	186.339	233.064
668	"Quebec"	"70-74"	17.07507	19.25014	21.81699	24.07507	27.30849	31.04191	36.45013	40.55013	44.58586	48.36262	56.753	65.394	74.888	82.282	99.344	111.189	120.241	129.815	169.721
668	"Quebec"	"75-79"	10.07507	11.63343	13.59179	14.45835	16.03342	19.09177	22.09179	25.25013	28.24327	31.30941	34.136	39.693	46.975	56.024	60.769	76.575	89.948	100.469	111.643
668	"Quebec"	"80-84"	5.09661	5.75932	6.92123	7.8475	8.06665	9.17078	11.04468	13.348	14.94	16.666	17.797	20.224	24.312	29.891	35.437	40.211	54.867	66.884	77.15
668	"Quebec"	"85-89"	1.87458	2.032	2.28825	2.88316	3.08063	3.39493	3.90678	4.75868	5.924	6.603	7.643	8.502	9.948	12.316	14.781	18.044	21.956	32.402	42.136
668	"Quebec"	"90-94"	0.45752	0.49057	0.56355	0.62663	0.73645	0.80446	0.97193	1.08678	1.42368	1.765	2.894	3.352	3.91	4.785	5.557	6.186	6.212	8.996	14.752
668	"Quebec"	"95-99"	0.07153	0.08213	0.08295	0.08646	0.0892	0.12176	0.14731	0.16134	0.18359	0.25303	0	0	0	0	0	0	1.098	1.436	2.422
668	"Quebec"	"100+"	0.00569	0.00378	0.00358	0.0059	0.00574	0.00438	0.00829	0.00818	0.01372	0.01896	0	0	0	0	0	0	0.121	0.118	0.097
669	"Saskatchewan"	"0-4"	54.99973	53.5	48.55808	43.34987	40.01699	48.5337	55.35014	58.27507	57.05839	45.11524	37.929	41.368	44.574	41.517	37.719	32.934	30.316	34.915	38.078
669	"Saskatchewan"	"5-9"	54.93342	56.25835	53.79973	46.44137	39.56658	40.96686	47.80027	53.25013	56.07656	53.82195	40.471	39.576	42.126	41.954	40.715	37.376	32.126	32.292	37.066
669	"Saskatchewan"	"10-14"	47.66713	54.18357	55.41645	50.08301	42.39945	37.74165	39.89179	46.25863	51.68048	53.28551	50.052	41.855	40.052	40.107	41.409	40.374	36.762	34.263	34.734
669	"Saskatchewan"	"15-19"	38.92548	49.05041	51.89999	50.81643	44.27479	36.84136	34.74164	36.45013	42.40087	48.46895	48.943	49.437	41.766	37.861	40.007	41.207	40.075	38.925	36.848
669	"Saskatchewan"	"20-24"	34.01699	41.7337	46.24193	44.73314	42.79973	34.6663	30.66657	29.14165	30.67232	36.87396	41.39	46.172	49.749	35.632	34.961	36.174	37.413	39.684	41.921
669	"Saskatchewan"	"25-29"	31.84987	35.91698	38.63343	37.30001	34.63343	32.64986	31.36657	28.90823	26.37332	27.1243	32.33	41.054	46.59	42.576	32.766	31.809	31.911	38.157	44.542
669	"Saskatchewan"	"30-34"	32.95808	31.65836	32.56685	32.14165	30.15014	30.74164	30.68329	30.14164	27.4453	24.55326	25.309	33.323	41.333	42.747	39.873	31.337	29.232	34.388	42.105
669	"Saskatchewan"	"35-39"	36.2	33.94986	28.67479	27.89179	27.15013	29.03343	30.18329	29.65837	28.7181	25.58638	22.532	25.989	33.755	38.529	40.969	38.938	30.172	31.523	37.556
669	"Saskatchewan"	"40-44"	31.50027	34.37506	31.67479	25.71644	23.87508	25.55014	28.27507	28.7	28.12097	26.73911	23.563	22.902	26.097	31.632	36.961	39.858	37.913	32.108	34.328
669	"Saskatchewan"	"45-49"	23.80028	30.61698	32.56658	28.19972	22.40821	22.61671	24.87507	26.67507	27.04715	26.39153	24.301	23.337	22.401	24.395	30.349	35.623	38.143	40.139	33.885
669	"Saskatchewan"	"50-54"	16.92521	22.70027	28.48357	29.06658	24.44136	20.36657	21.25835	23.03342	24.96284	25.25876	24.628	23.975	22.736	21.417	23.351	29.195	34.466	39.837	40.82
669	"Saskatchewan"	"55-59"	11.33342	14.92521	20.00027	24.8085	24.64987	20.41645	18.92493	19.63342	21.42728	23.32394	23.04	23.552	22.977	21.663	20.527	22.309	28.205	34.842	39.59
669	"Saskatchewan"	"60-64"	8.57507	10.33342	12.80849	17.24193	20.41671	19.68328	18.14986	16.44165	17.47669	19.58635	21.235	21.493	22.01	21.436	20.49	19.224	21.199	27.667	33.399
669	"Saskatchewan"	"65-69"	5.87507	7.37506	8.57508	11.16685	14.29178	16.46684	17.3	15.66658	14.12048	15.37335	16.861	18.821	19.279	19.798	19.466	18.464	17.69	19.813	25.677
669	"Saskatchewan"	"70-74"	3.37506	5.07505	5.95836	6.87506	8.6167	10.83342	13.39179	14.14165	12.88859	11.42325	12.952	14.252	15.791	16.381	17.089	16.681	16.089	15.673	17.518
669	"Saskatchewan"	"75-79"	1.75836	2.41671	3.6167	4.1	4.67507	5.91671	7.87507	9.83342	10.39848	9.55215	8.242	9.892	11.062	12.457	12.869	13.493	13.623	13.138	13.32
669	"Saskatchewan"	"80-84"	0.7691	1.05921	1.50365	1.97206	2.23863	2.64212	3.45619	4.814	6.111	6.562	5.874	5.472	6.648	7.386	8.68	8.945	9.742	9.988	9.836
669	"Saskatchewan"	"85-89"	0.24024	0.36474	0.47854	0.68469	0.84062	1.03189	1.16612	1.72019	2.357	3.113	3.336	3.05	2.964	3.742	4.194	4.963	5.05	5.768	5.943
669	"Saskatchewan"	"90-94"	0.06894	0.09325	0.11924	0.16282	0.21786	0.25337	0.32889	0.37212	0.59619	0.853	1.462	1.588	1.529	1.571	1.866	2.098	1.936	2.033	2.537
669	"Saskatchewan"	"95-99"	0.02249	0.01968	0.03191	0.02954	0.03861	0.04263	0.05237	0.05789	0.07156	0.11811	0	0	0	0	0	0	0.426	0.517	0.483
669	"Saskatchewan"	"100+"	0.00258	0.00358	0.00376	0.00327	0.00202	0.00782	0.00547	0.01181	0.01228	0.0069	0	0	0	0	0	0	0.057	0.046	0.066
670	"Yukon"	"0-4"						0.57286	0.8	1.21672	1.17617	1.04234	1.128	1.087	1.263	1.269	1.287	0.962	0.928	1.028	1.086
670	"Yukon"	"5-9"						0.33826	0.55837	0.85836	0.95965	1.11369	1.114	1.045	1.004	1.255	1.282	1.15	0.942	0.993	1.093
670	"Yukon"	"10-14"						0.27559	0.4	0.5	0.72775	0.86326	1.223	1.037	0.969	1.038	1.289	1.216	1.191	1.013	1.025
670	"Yukon"	"15-19"						0.24433	0.25835	0.4	0.49158	0.68274	1.083	1.179	0.972	1.022	1.04	1.267	1.243	1.244	1.139
670	"Yukon"	"20-24"						0.6086	0.60001	0.55835	0.56516	0.80311	1.189	1.156	1.22	1.061	1.019	0.939	1.147	1.226	1.325
670	"Yukon"	"25-29"						0.65319	0.8	0.7	0.68733	0.89977	1.336	1.378	1.306	1.358	1.139	1	0.955	1.284	1.287
670	"Yukon"	"30-34"						0.53711	0.65836	0.85835	0.69023	0.73002	1.122	1.331	1.483	1.624	1.506	1.171	1.048	1.177	1.399
670	"Yukon"	"35-39"						0.4476	0.55835	0.60001	0.69724	0.61708	0.817	1.023	1.212	1.568	1.605	1.391	1.175	1.194	1.369
670	"Yukon"	"40-44"						0.38433	0.4	0.5	0.5455	0.60667	0.734	0.69	0.934	1.313	1.588	1.56	1.504	1.248	1.331
670	"Yukon"	"45-49"						0.28558	0.3	0.5	0.42891	0.45766	0.622	0.638	0.635	1.034	1.261	1.502	1.627	1.557	1.224
670	"Yukon"	"50-54"						0.179	0.3	0.3	0.32617	0.36934	0.476	0.549	0.582	0.637	0.944	1.165	1.476	1.667	1.558
670	"Yukon"	"55-59"						0.098	0.2	0.25834	0.27849	0.28642	0.311	0.411	0.48	0.559	0.575	0.856	1.109	1.453	1.659
670	"Yukon"	"60-64"						0.103	0.1	0.10001	0.19266	0.21583	0.275	0.255	0.317	0.416	0.454	0.522	0.791	1.053	1.372
670	"Yukon"	"65-69"						0.103	0.1	0.1	0.14433	0.13517	0.161	0.187	0.181	0.253	0.329	0.38	0.467	0.701	0.911
670	"Yukon"	"70-74"						0.108	0.1	0.1	0.07566	0.08083	0.102	0.115	0.142	0.136	0.189	0.251	0.303	0.389	0.604
670	"Yukon"	"75-79"						0.097	0	0.1	0.05784	0.03958	0.059	0.061	0.08	0.094	0.089	0.138	0.192	0.237	0.322
670	"Yukon"	"80-84"						0.043	0.033	0.027	0.035	0.031	0.022	0.036	0.036	0.047	0.055	0.061	0.117	0.142	0.144
670	"Yukon"	"85-89"						0.015	0.016	0.018	0.011	0.02	0.024	0.014	0.019	0.029	0.034	0.037	0.031	0.057	0.082
670	"Yukon"	"90-94"						0.004	0.006	0.005	0.011	0.004	0	0.009	0.004	0	0	0.009	0.022	0.012	0.019
670	"Yukon"	"95-99"						0.004	0.001	0	0	0.003	0	0	0	0	0	0	0	0.005	0.003
670	"Yukon"	"100+"						0	0.001	0.001	0	0	0	0	0	0	0	0	0	0	0.001
665	"Nunavut"	"0-4"															1.818	1.799	1.814	2	2.238
665	"Nunavut"	"5-9"															1.713	1.795	1.736	1.769	1.933
665	"Nunavut"	"10-14"															1.368	1.665	1.688	1.656	1.667
665	"Nunavut"	"15-19"															1.163	1.277	1.637	1.727	1.625
665	"Nunavut"	"20-24"															1.08	1.171	1.345	1.597	1.685
665	"Nunavut"	"25-29"															1.278	1.239	1.29	1.414	1.594
665	"Nunavut"	"30-34"															1.245	1.303	1.231	1.3	1.497
665	"Nunavut"	"35-39"															0.881	1.096	1.215	1.158	1.312
665	"Nunavut"	"40-44"															0.725	0.787	1.01	1.123	1.126
665	"Nunavut"	"45-49"															0.606	0.656	0.786	1.034	1.093
665	"Nunavut"	"50-54"															0.407	0.572	0.685	0.834	1.052
665	"Nunavut"	"55-59"															0.32	0.404	0.535	0.643	0.901
665	"Nunavut"	"60-64"															0.223	0.248	0.32	0.466	0.522
665	"Nunavut"	"65-69"															0.134	0.175	0.193	0.268	0.319
665	"Nunavut"	"70-74"															0.084	0.089	0.123	0.145	0.21
665	"Nunavut"	"75-79"															0.043	0.055	0.066	0.08	0.094
665	"Nunavut"	"80-84"															0.02	0.03	0.036	0.026	0.054
665	"Nunavut"	"85-89"															0.022	0.008	0.014	0.013	0.012
665	"Nunavut"	"90-94"															0.001	0.004	0.003	0.006	0.004
665	"Nunavut"	"95-99"															0	0	0	0.001	0.001
665	"Nunavut"	"100+"															0	0	0	0	0
