"country_code"	"name"	"1950-1955"	"1955-1960"	"1960-1965"	"1965-1970"	"1970-1975"	"1975-1980"	"1980-1985"	"1985-1990"	"1990-1995"	"1995-2000"	"2000-2005"	"2005-2010"	"2010-2015"
4	"Afghanistan"	-0.00257994008863126	-0.00241837266735864	-0.0022235086455019	-0.00201301251550271	-0.00179838373858262	-0.0888073659015204	-0.258738354386344	-0.12761147459034	0.184583474552043	-0.0226247430171801	0.0408142548398787	-0.0277663296659485	0.0169159394321056
8	"Albania"	-7.83741868678113e-05	-6.97198319118234e-05	-6.05114501110599e-05	-5.22117476432197e-05	-4.60336222136871e-05	-4.10579003487433e-05	-3.6923145777428e-05	-3.33692980212006e-05	-0.135065777263913	-0.0578119673856119	-0.0561844863731656	-0.0820609622045752	-0.0316174015285937
12	"Algeria"	-0.0349874163782861	-0.0195176524410621	-0.0255522480577789	-0.00960920659164567	-0.0170324012323546	-0.0134557233430554	-0.00418973836785231	-0.00413464417208472	-0.00496593054960173	-0.00568818480295319	-0.00658126766269692	-0.0107412893400774	-0.00397567343400832
24	"Angola"	0	-0.0155984238310489	-0.0256124066658015	-0.0348917827763106	-0.0128477064400729	0.00161157474799974	0.0285135686408222	-0.0154212187752977	0.0128335431668415	-0.00971427160674052	0.0114615279283558	0.00476130609924378	0.00482187661669766
28	"Antigua and Barbuda"	0.00403878965897065	-0.084830168595921	-0.0311442731478941	-0.0272408764018574	-0.0439657941837874	-0.0504238083548727	-0.125745010739534	-0.116041007544415	0.0422737699092172	0.064682731276244	-0.00363177416031321	-0.00111427360261612	-0.000641958891703828
31	"Azerbaijan"	0.00343025217222255	0.01753115409199	0.0170423016150537	0.0110193571321111	0.0028233967277952	-0.00493905998739681	-0.00662265837550028	-0.017793691350768	-0.0146293848973665	-0.0154147459092403	0.00131255711255667	-0.0113036904275616	-0.00177199885756899
32	"Argentina"	0.0180753903640949	0.00739602786149551	0.00591689976393219	0.00583398692182773	0.0120969111079761	-0.00882346340532417	0.00498112690902608	0.00526516677322463	0.000916567012142474	-0.00228605275215319	-0.00242866124663236	-0.00217133564629449	0.000727751278871258
36	"Australia"	0.0535986990396882	0.0431128392336595	0.0372111149197733	0.0750159372646631	0.0204675639066515	0.0169689434877692	0.031018288080837	0.0421905633465756	0.020534637073022	0.0208307195070613	0.0300987305813903	0.05586821767597	0.0461631243219795
40	"Austria"	-0.0112448091205221	-0.00748285987358482	0.00226395066184042	0.0069053873831759	0.0109192774296228	0.000721276935472326	0.00236953568446767	0.0146041438776377	0.0295645105975148	0.00816297042719947	0.022123905896545	0.0186722102554774	0.0175273171332745
44	"Bahamas"	-0.00287022051385798	0.0957243931888195	0.131083030513303	0.100536240887118	0.0052374878953211	0.0147764212577165	0.000854457419538593	-0.00468289274087709	-0.0015409342352675	-0.0110547526155538	0.0519753869704019	0.043624313956561	0.0268048665576587
48	"Bahrain"	0.0273582784091892	0.0591456981885928	-0.0267136817619584	-0.0384258171958067	0.0897363703766272	0.183594189421267	0.00887741663008263	0.0307540084639685	0.0110496346361686	0.0764302059496568	0.200193445351688	0.365096757376467	0.0237172356874034
50	"Bangladesh"	-0.00145392440310883	3.52308526547694e-05	-0.00295385739402717	-0.00289821692550661	-0.0465536429390035	-0.0154601545973353	-0.0102910032543069	-0.00235835694005308	-0.00805521550145487	-0.00638465971933204	-0.0129493710421603	-0.0249839398633089	-0.0146849250066831
51	"Armenia"	0.0368398810201063	0.050686661021242	0.0376647481305519	0.0469004150318645	0.0343089761468356	0.0126427547643905	-0.00721216110335633	-0.017463442010789	-0.140008660829775	-0.0694573328828456	-0.0468014998221773	-0.0451120213259602	-0.0033325504741697
52	"Barbados"	-0.0323372591767577	-0.0762079656150364	-0.0688638312245057	-0.0504730789002987	-0.0227467793189783	-0.0146118610105148	-0.0221612469617006	-0.0159301993912374	-0.0125319732384954	-0.00499316883175701	-0.000285356399024599	0.00748139686803181	0.00779780087707375
56	"Belgium"	0.00685832710686657	0.0049431888381556	0.00786723968753347	0.0091276963318563	0.00406391758551041	0.00719039378213095	0.0013657006414633	0.00452761960151813	0.0115642626791636	0.00661066409339815	0.0241089636339909	0.0252999686785017	0.024702519986774
64	"Bhutan"	0.0565626855963121	0.024988879948423	0.0223106716404591	0.0395837374173195	0.068620757092813	0.0429619700640993	0.00193183553462397	0.00340078036715635	-0.160385057095639	0.000280999887993052	0.0619936297716892	0.0258445274071162	0.0138841451392996
68	"Bolivia (Plurinational State of)"	-0.0103561925642686	-0.00891493725936846	-0.00920629514240205	-0.0090898370997816	-0.0095428665530051	-0.0119792168861702	-0.0155650557860244	-0.0172256549855761	-0.0132721317175609	-0.0109693557945085	-0.010791398825255	-0.00920539965075523	-0.00623033611289094
70	"Bosnia and Herzegovina"	-0.0187886114005485	-0.017054766463075	-0.0155550439879049	-0.0283717623239656	-0.0200230294606765	-0.0188837871209847	-0.00723787290161038	-0.0129016252788917	-0.165313598686635	-0.0412499439328659	0.00918036382926105	0.000959206464691576	-0.000653411061263675
72	"Botswana"	-0.0121105463078105	-0.0425787412891151	-0.028624370025323	-0.0101000266894506	0.00335487669204829	0.0180601900906172	0.000603213189191142	0.0049064113033437	0.0129459477871655	0.0155726322106768	0.0122522499696242	0.0100477306098756	0.00976691924284767
76	"Brazil"	0.00611419500304643	0	0	0	0	0	0	0	0	0	0	0	8.01755330615623e-05
84	"Belize"	-0.0428915522795206	-0.034354967948718	-0.0262631967676066	-0.0278644189180275	-0.0872899598130612	-0.101620128919939	-0.0369889907111293	-0.0327681971427878	-0.0480453420917932	0.0575419642253167	0.023440027172155	0.0307894337384699	0.0236125232813758
90	"Solomon Islands"	0.0199681489648414	0.0251502053378027	0.0199204201274296	0.0159886588672021	0.0132133855713323	0.000940826169441759	-4.33625018429063e-06	-0.00676491549394592	-0.00311368643157426	-0.00188455500005567	-0.0118786620620077	-0.0253480671459559	-0.0225551477924729
96	"Brunei Darussalam"	0.105393637632549	0.0995567893250895	0.0636602505346777	0.10482321385028	0.0617055554270826	0.0349753418864545	0.0094635263160621	0.00108944671350241	0.00523859748811975	0.00627775329649842	0.00693986459095942	0.00674516219061646	0.00534449354440099
100	"Bulgaria"	-0.0162867213193658	-0.00576359895747348	-0.000182674011933177	-0.000782666168203891	-0.00510855803544889	-0.0108702178397705	-0.00252063256078378	-0.0205507864783072	-0.0404103292657807	-0.0127543097032872	-0.0103745886199755	-0.0108038748269795	-0.00675010061024959
104	"Myanmar"	0	0	0	0	0	0	-0.00158557875278055	-0.00519361524986704	-0.0166636001368238	-0.0120328069214215	-0.0287957629182809	-0.0293449572093095	-0.00916780161248292
108	"Burundi"	-0.0302942107640662	-0.0276672722963899	-0.0304976424065395	-0.0188045991047842	-0.0753790807532181	-0.0408725504087445	-0.0208411687843387	-0.00928311792115131	-0.0445383431486934	-0.064913776660795	0.0166293462476317	0.0206363252410794	0.00422783060393398
112	"Belarus"	-0.0432234822891611	-0.0210847978294971	-0.0153097175381717	0.00668918236729948	0.00254684031171856	0.00106781780151893	0.00488002688914082	-0.00063147047042298	-0.00616273502409064	0.00552632741949565	-0.000641274591026677	0.00663163017798863	0.0126984250729184
116	"Cambodia"	0	0	0	-0.0347911212216237	-0.0178007272665132	-0.0112551820792088	-0.0132257833560898	-0.0100763715660401	0.0454457258502078	0.0325865011030479	-0.00288213426813867	-0.0222211494874872	-0.0104430049710427
120	"Cameroon"	0	0	0	-0.000166341804684994	-0.000369371169583311	-0.0010334363625934	-0.00615766400835815	-0.00626147638717985	-0.00662780618206965	-0.00574339130949796	-0.00565040316836447	-0.00496496965658794	-0.00291384455461518
124	"Canada"	0.0447790008252895	0.0356842549360748	0.00994269324335069	0.0308998819815921	0.0359866972648233	0.018928931386378	0.0153423173670779	0.0338520250541499	0.0252603891775274	0.0259940125895758	0.033440988983647	0.0381291016557896	0.0344563394201864
132	"Cape Verde"	-0.033279795132142	-0.115351885808066	-0.00576820419541707	0.0184377795157868	-0.129190923659404	-0.10265798404109	-0.0711241986141408	-0.0884048462302851	-0.0186839205757554	-0.00626483980717244	-0.0224713210875764	-0.054543844259253	-0.0225376698431213
140	"Central African Republic"	0	0	0.00793547859296402	0.00797110678481105	-0.010978777389526	-0.000495692678470431	0.0176615312904694	-0.0155962646302995	0.0127270722083496	0.00338625353733992	-0.0120771391028779	0.00123360048604303	0.0022492825040782
144	"Sri Lanka"	-0.00204313870682941	-0.00849132769380861	-0.00479983573446379	-0.00346295114495509	-0.0116116181206268	-0.0172652059212023	-0.0263025550654465	-0.0084940301997877	-0.0147586810246741	-0.0252999229796966	-0.0239292004869104	-0.0266339335564363	-0.0239970552407685
148	"Chad"	0	-0.000913764064656483	-0.00166455960109186	-0.0123672537037278	-0.0134565699958106	-0.0429227427315891	-0.0290826416887982	0.000277851413311341	-0.00174151757076426	0.00991839904799365	0.0262448250522783	0.00695316575439723	0.00840583437987018
152	"Chile"	-0.00484364141425734	-0.00431187557479652	-0.00438570046722244	-0.0049459630746322	-0.00541410946062004	-0.00489396473712141	-0.0033206223062503	0.000653173420227118	0.00475945807697043	0.00504720802176358	0.00618237359402895	0.00865681268389398	0.0118300577230226
156	"China"	-0.000304504805889347	-1.36374060907843e-05	-0.00164300056755513	-1.8025988096901e-05	-0.0013767597412157	-0.000472970681251846	-0.000263921170626733	-0.000146544476475662	-0.000713366431435641	-0.000412919819398058	-0.00168826293633854	-0.00168665895940936	-0.00134231317280889
158	"Taiwan, Province of China"	0.00258362258083755	-8.52866421914712e-05	0.0254377167332043	0.0377375125401739	-0.00173932490455967	0.0103916477273646	-0.00344524865459893	-0.0103889517682747	-0.00872913749927468	-0.00844750221464917	0.00503295032459794	0.00209883175515004	0
170	"Colombia"	-0.0132078708366384	-0.0149735711920193	-0.0154121408821542	-0.0146780594874066	-0.0131451514862237	-0.0115926145886437	-0.00987807118093454	-0.0081904930934745	-0.00653597269549685	-0.0050745179608557	-0.00393533217871051	-0.00330363633792975	-0.00315775253859039
174	"Comoros"	0	-0.0353164037909546	-0.0449950193925778	-0.0267803244211633	-0.0240847826372443	0.0390037025621418	-0.0145826175458158	-0.0125737639386239	-0.0072239993833465	-0.012513188788383	-0.0182619555373784	-0.0161614659442124	-0.01430953420305
175	"Mayotte"	0.172974043986527	0.129530130636325	0.0963403971855614	0.0148730548730549	0.0134180982010009	-0.0216999384398909	0.0688116656993616	0.083975923665816	0.113251740873602	0.0378626747414395	0.0013304152891325	-0.0112294571118959	-0.00718655826142783
178	"Congo"	0	0	0	0.000431814354372768	0.00520114748818432	-0.00475904102143014	0.00116446354751766	0.000919541112510366	0.00650752765489739	0.0129725860322194	-0.00426241666449574	0.0142365902521377	-0.0147564803232993
180	"Democratic Republic of the Congo"	0	0.00554850339030409	0.00804354809071155	0.0139268833443035	0.00137177083625897	0.00439633180546474	-0.0169539059741347	0.00248502075908605	0.0343909602342796	-0.0238571511880678	-0.00502744467567298	-0.000774190751016375	-0.0014547599898524
188	"Costa Rica"	0.00511939167619431	0.00637448989343696	0.00593004571498873	0.0049238027836754	0.00683551547348033	0.00830786541496417	0.00790019206389797	0.00637931369177187	0.0223521105015061	0.0254995478399567	0.0106464227031296	0.00714221311851686	0.00432493273781355
191	"Croatia"	-4.67496646360863e-06	-4.46603801392312e-06	0.000442204113213793	-0.000282980512460383	-0.00416068195121356	0.00415053274168449	0.0118241648880435	0.00554375559384977	-0.0300602507257598	-0.0407491224368941	-0.000582646747374533	-0.00514657647138364	-0.00463346403563134
192	"Cuba"	-0.00506757013559297	-0.00841046751495152	-0.02870694535836	-0.0314389164489417	-0.0218011839878795	-0.0169519449443208	-0.0274524800112901	-0.00694228596874538	-0.0113404904630299	-0.0150372527243599	-0.0134929274078922	-0.0172273425253697	-0.0070744657849355
196	"Cyprus"	-0.0279344310080281	-0.0125440826007461	-0.075096565193942	-0.0134998132436903	0.00497540004465312	-0.00186993559110742	-0.0403177095035643	0.0243955815959516	0.0563453955135003	0.0622640693298605	0.0655473890767073	0.042772224298993	0.0317119467964138
203	"Czech Republic"	0.00673925279740715	-0.00389037372264085	0.00260988390041245	-0.0131721159959192	0.00101913193686743	0.000994117714314688	-0.00512157922549874	0.000549745843122642	0.00290583774171685	0.00445084908833158	0.00461872296723866	0.0245227266440599	0.00285524826878147
204	"Benin"	-0.0101990004527272	-0.00998487140695915	-0.00999128153247629	-0.00901928307678281	-0.00854435135665866	-0.00594337838753107	-0.00291767885306819	-0.002034631418693	0.0209946631566256	-0.00489286223837045	0.0142215851057492	0.00611070495292191	-0.00105154704653033
208	"Denmark"	-0.00428276561698299	-0.00735202363098968	0.000492500285981992	0.00459344464653416	0.00471712847440974	0.00294885354304012	0.0018188968924169	0.00642213568719727	0.0127357532548481	0.0142507083501033	0.00867432468454745	0.0162410487713218	0.0174454540197469
214	"Dominican Republic"	-0.00801683124352441	-0.0114080829731071	-0.0132026366415212	-0.0144812310129128	-0.0157277830408024	-0.0169124497517832	-0.0203299174715726	-0.0207232182801994	-0.0200669687788067	-0.0190240762655814	-0.0178161528307389	-0.0166464863846696	-0.0154587050715282
218	"Ecuador"	-0.000576341969049283	-0.00202123471439668	-0.00198039928299074	-0.00104759510258813	-0.000905554860255709	-0.00103014099822351	-0.00175529236130012	-0.00187906734673325	-0.00185944822341955	-0.00611848564268093	-0.00950240232564253	-0.00327617327468513	-0.00254447831933862
222	"El Salvador"	-0.0282522318090347	-0.018062585954734	-0.00869775456703598	-0.0138548687952743	-0.024798887420569	-0.039597109119294	-0.0506258297046781	-0.0521618668983843	-0.0504851219002293	-0.0584841707697062	-0.0538187932350466	-0.0480344888002871	-0.0398149745971801
226	"Equatorial Guinea"	0	0	0	0	-0.240624946288307	-0.125910846205507	0.294648806690692	0.0477056808531617	0.0397468750248435	0.0446120285859586	0.0470845513998975	0.0319573199374946	0.027447132604191
231	"Ethiopia"	-0.00110320843396476	-0.0010026437208309	-0.000902839744523304	-0.00168636592221552	-0.00209737821915813	-0.0621703356113088	0.00709424473468681	0.019130715553074	0.0300741031074413	-0.00271810866585323	-0.00125191886418321	-0.00065439272604343	-0.00068524162827417
232	"Eritrea"	0.000872915116228166	0.00238298359077499	0.00497076293432014	0.00314563358497144	0.00553869331147396	0.00483057950046977	0.00419488073534581	-0.014511192301232	-0.127426385348842	-0.0221232295490496	0.0311163071728659	-0.0381747979671093	-0.0341177960723839
233	"Estonia"	0.0336049656765952	0.0232040357545215	0.035525064696741	0.0319302685834334	0.0224821281013001	0.0214546400669447	0.0175654312313367	0.0101788072988952	-0.0714716479697442	-0.000835266238496771	-0.0131551769116139	-0.0111760896152581	-0.00889580200722324
242	"Fiji"	-0.0113705176249944	-0.0145025315246465	0.00623056919083946	-0.02062369040536	-0.0240255586144096	-0.0359162111163526	-0.0183044315992293	-0.0939700391898975	-0.0491280849159926	-0.0544940154584538	-0.0761775738607017	-0.0349881969287679	-0.0333972128676949
246	"Finland"	-0.00811815685406703	-0.00655117564408561	-0.0146683195537566	-0.0214553452698869	0.00626907531139157	-0.00623522352630045	0.00547782236213592	0.00372647570416581	0.00946978014540664	0.00433696881235102	0.00616924776324925	0.013560428852875	0.0200102725696123
250	"France"	0.00712346703731007	0.0213663529495281	0.0319777531353005	0.00850250436736526	0.0158363561517691	0.00277028836069349	0.00496049967343298	0.00870114969282279	0.00532838815678733	0.00324549729458021	0.0124504137534188	0.0078506475163165	0.00526602633090991
254	"French Guiana"	0.0090662898857883	0.0247754070746771	0.108447274770556	0.103735506594339	0.0527864132362453	0.0906422866900269	0.160851063829787	0.193764460897733	0.0384342989411135	0.0480349344978166	0.1084750125642	0.0147620334651957	0.0256635086293548
258	"French Polynesia"	-0.0213380234950554	-0.0352510566602275	0.0408539630905575	0.0357876712328767	0.0397118447726615	0.0294291029635811	0.0240603288025207	0.00137550796767271	-0.0217976508544639	0.0161849442379182	0.000324528906253292	-0.0135865727154313	-0.0018652192565236
262	"Djibouti"	0.0161126433444622	0.0718452740178751	0.215218327036204	0.217461270147787	0.219187433846693	0.406781097501138	0.0278554713617116	0.212525090325171	-0.0254947684735092	-0.0249608214486685	-0.0251203356943764	-0.0256485689986973	-0.0192536849935364
266	"Gabon"	0.00633636171561378	0.00621479697777262	0.0188505756336778	0.0303993149450153	0.00508202582868879	0.0076940954474165	0.00685578709894194	0.00602223129753244	0.00524956708661103	0.00880483115176138	0.00776746013959667	0.00694306843560315	0.00324267673885297
268	"Georgia"	0.0295202387068458	0.0197173355447531	0.0122874611546939	0.00539294865151716	-0.00683105295213186	-0.0160790014394088	-0.00366944917460062	-0.0116461471654492	-0.0996406979898024	-0.0769735529468973	-0.0651449503129591	-0.0646963883544088	-0.0697208933746058
270	"Gambia"	0.062324042274074	0.119641617850694	-0.00878430349333703	0.000294363439063027	0.0209978917150887	-0.00648665246511985	0.0322235845201044	0.066100981843812	-0.0161440035078113	-0.0247882703758682	-0.0111826948976412	-0.00953946500692101	-0.00795982520989343
275	"State of Palestine"	-0.073838480737741	-0.0688051103979591	-0.0726033968612277	-0.238046040776864	-0.0286697788046865	-0.0633286347572062	-0.0407079505314399	-0.0223744988025845	0.016657973039603	0.0267355721636255	-0.0589370059566701	-0.0251437227158718	-0.0107528546640516
276	"Germany"	-0.000601852118539232	0.000558503873166658	0.00911403461603712	0.0120748269621336	0.00911297612037678	0.00366940140218569	2.94269948690733e-07	0.0220534072646556	0.0409413143305112	0.0091197347478156	1.48603242469024e-05	0.000389430717401415	0.0155404143605743
288	"Ghana"	0.0144554835512936	0.0249985652433999	0	-0.0469485498240267	-0.01907670568387	-0.0573670569498228	0.0190705909308671	-0.00235942422593852	-0.00111325612205416	-0.0067201277060527	0.00879245964168701	0.0088482141295964	-0.00205607150732054
296	"Kiribati"	-0.0327382753403933	-0.0307948738967675	-0.0295629820051414	-0.0274243891938435	-0.0293077509231942	-0.0466928891225144	-0.052443545669026	-0.0119676280348717	-0.0634986397094364	-0.03830071918381	-0.0241570504466507	-0.0062602215988476	-0.020750526069675
300	"Greece"	0.00245770487504497	-0.00175844748518948	-0.0174751840427096	-0.0116146089897509	0.00122695039662017	0.0365678930862185	0.0118520532783162	0.0160365068802647	0.0458594612157816	0.027950970424396	0.0103693324978419	0.00724114250281535	-0.0121940407294684
308	"Grenada"	-0.0727998330638009	-0.0644221750505998	-0.0997985778034965	-0.0985313864599964	-0.120999682304352	-0.139173417844743	-0.00323580962653364	-0.150149639164423	-0.0407432025424257	-0.0489960400187526	-0.0406612871481992	-0.0415148954356927	-0.0408303638812729
312	"Guadeloupe"	-0.0133572064628879	0.0233117711100097	-0.0394848256889402	-0.0608188693073925	-0.0778100329127639	-0.0728219219906877	0.0185136471249875	0.0164792420106348	-0.0107410228592972	0.000891824614359355	-0.00264868713716813	-0.0288401170465058	-0.00819356335728139
316	"Guam"	-0.0644090528080469	-0.0726634208635965	-0.0435264679881932	-0.0192711187138332	-0.0254053409632809	-0.0161857017374724	0.00104675841007961	0.000849231402690092	0.0133275087751567	-0.0282766106538795	-0.0615214256283478	-0.0617167820910222	0
320	"Guatemala"	-0.00127142631464686	-0.00179804713102338	-0.0048452413111394	-0.0085651990830343	-0.0149353245132559	-0.0288557338349073	-0.0309052530909046	-0.0307977863625237	-0.0283888918187568	-0.0270340281890529	-0.0171104301091827	-0.0100125118471909	-0.0081454571026131
324	"Guinea"	-6.46485333995334e-07	-0.00299353887740634	-0.003873189928029	-0.004642060300108	-0.0652356265369088	-0.0809679946143515	-0.0084317103137893	0.0319867981677949	0.132580399139422	-0.0313044597421885	-0.0418224911113725	-0.00574784029368841	-0.000908066774871904
328	"Guyana"	0.0266847368912983	-0.00209672996715741	0.00377865450124242	-0.0664151210294305	-0.0748575610190911	-0.0729105728842275	-0.154253547483264	-0.176209703245438	-0.106659613873455	-0.075350731737524	-0.0791047913146811	-0.0459652926955737	-0.0362083566731531
332	"Haiti"	-0.00931276633459339	-0.00995967071818676	-0.0134492623171312	-0.0135802373749541	-0.0186890521868421	-0.0190646291687523	-0.021972700195752	-0.0211461239598534	-0.0197191922569483	-0.0185424037373817	-0.016375680443625	-0.0148977552432371	-0.0150005745220042
340	"Honduras"	0.00672388694456491	0.00582395918569403	0.00549359172525249	-0.0297538464284971	-0.018578320066555	-0.00965333273268152	-0.0137524471500844	-0.016519659529961	-0.0244727955078994	-0.0321943519170344	-0.0240264420766673	-0.0145340653102004	-0.0106611584014926
344	"China, Hong Kong SAR"	0.0841839758702896	0.0712165004262934	0.0729841027495065	-0.0467676745890251	0.0168025997695415	0.0922997055771806	0.0163189863078103	0.0295789864426875	0.0268966319493465	0.0896427991350962	-0.00608181437847295	0.00653507179064854	0.0214482731995247
348	"Hungary"	0.00265096747890251	-0.0177349185382681	0.000398349409624978	-0.000975470951593987	-0.00057493301711373	0.00486048078878746	-0.0111033326263298	-0.00943310657596372	0.00932069633486024	0.00758906931360277	0.00647127041729684	0.0094878507886914	0.00299551666047073
352	"Iceland"	-0.00289507626738448	0.00204970047720581	-0.00417046490428441	-0.0143406276170215	-0.005191005518807	-0.0180264087576506	0.00113971603536627	0.00267593440232632	-0.00413609072715143	0.00745548767264651	0.013847105762871	0.0270973394665453	-0.0011885222706435
356	"India"	-0.000280900664094503	-9.83922515517951e-06	-0.000189880452261781	-0.000492412168719301	0.00382407961786322	0.00182109436930256	0.000692880651556253	5.77264525834667e-05	-0.000778700456039501	-0.000746090816630295	-0.00209440023047704	-0.00247252730039298	-0.00211068294650117
360	"Indonesia"	-0.000957000628629761	-0.00140332456636972	-0.00122431853869269	-0.000401370183557797	-0.000786869615748211	-0.00155095328315774	-0.000336062627982088	-0.00101045865125302	-0.00210444053139577	-0.00175145092595829	-0.00402433713521654	-0.0049368874334515	-0.00289719359038465
364	"Iran (Islamic Republic of)"	-6.35541378153954e-05	-0.000100912211144626	-0.000357786734365261	0.00207392343918578	0.00272262643091496	0.012831924176049	0.0509312271973612	0.0284278802429894	-0.040520501664293	0.0102007121116407	-0.00106768312534011	-0.00783299248746276	-0.00404023397024671
368	"Iraq"	-9.61674474589151e-05	-0.000169161673193488	-0.000255426825495877	-0.000821056781383394	-0.00086580112768908	-0.0040900896351903	-0.0146439432702197	-0.0404576257563046	-0.00881233495752342	-0.000883332321846353	-0.0112968319368463	-0.0169271180327927	0.0177744987423285
372	"Ireland"	-0.0502129523499593	-0.0715471075919567	-0.0389257550125769	-0.0178012420968925	0.0126660014338357	0.0166806830346406	-0.0147898124146405	-0.0323555393268684	-0.00298840393746355	0.022881860175737	0.0520487175308871	0.0471356186216904	-0.0303207435286249
376	"Israel"	0.208404645258118	0.0974807368430238	0.0998898985640878	0.0287172005882983	0.0582108580678918	0.01874453062252	0.000695388935785211	0.0160229020366265	0.101557379253599	0.0460148900278377	0.0171167187781388	0.0414367631851164	0.00262749771978964
380	"Italy"	-0.00437068906058598	-0.0115696422029587	-0.00465869811989397	-0.00448378678360702	0.000362388498182172	0.00298410222421435	0.00472788077543976	-0.000176732438263834	0.00268078399473109	0.00392110410941599	0.0284231490318814	0.0171557002527646	0.00886535775563026
384	"Cote d'Ivoire"	0.0263792944153732	0.0335355938312953	0.0575591039748769	0.0710942074853445	0.0763083865931413	0.0635741580695674	0.0520231626477564	0.0319945800530477	0.0308238373310206	0.0124961643504666	-0.0223997557081546	-0.0121327753580244	0.00248364433279304
388	"Jamaica"	-0.0262956056614318	-0.0970481477423675	-0.0905762045086375	-0.0954942509963503	-0.0550755783880561	-0.0557341302290084	-0.0375012019017587	-0.0686292698685356	-0.0461055928269105	-0.0361520602199603	-0.0353829379311141	-0.035475344749295	-0.035385278192126
392	"Japan"	0.000666500647753568	-0.00530020400272909	0.00226120318975994	0.00902273772231085	0.00440757743576535	0.000406246969042842	0.00182951557845935	-0.00523522793149216	0.00369238969373113	0.000136379733812498	0.00494817335325548	0.00350662599823589	0.00274898322572007
398	"Kazakhstan"	0.0844047945127821	0.122614709055378	0.0691957990783711	0.0145556289734126	-0.00423043736411128	-0.0221866063158151	-0.0266947677627797	-0.0415773711562267	-0.0914544785680023	-0.0831967372922356	0.00297724729184492	-0.00227779995433528	0.00979772447700346
400	"Jordan"	0.274236344881823	0.184668681975581	0.0401909901961667	0.227140966495743	-0.0179517503651567	-0.0406816511436834	0.0358039523473365	0.0424731887950814	0.119540752840668	-0.043577572857289	-0.0196953272549248	0.084380183544591	0.0352286130895907
404	"Kenya"	0	0	-0.00246760200556663	-0.00205519331379353	-0.00159191771830281	-0.000217332613290835	0.000233896114226379	0.000255534984921452	0.00945013375071957	-0.000781170228292186	0.000809410471057902	-0.00535598703670595	-0.00123979894720615
408	"Dem. People's Republic of Korea"	-0.0538807213898633	0	0	0	0	0	0	0	0	0	0	0	0
410	"Republic of Korea"	7.03749328653331e-05	0.0207719816855249	-0.0112222894542512	-0.0137048501372993	-0.0143056583930453	-0.00475840834396765	0.00846552242745437	0.0107397632561441	-0.0147315521312892	-0.00656354644438848	0.00495640515981045	0.00850136883349851	0.00611121917783691
414	"Kuwait"	0.107684729064039	0.168315408506378	0.586340766981471	0.28523787105458	0.145513633988462	0.107170275127071	0.0693123520055015	0.0638262683539635	-0.282149296300038	0.0601699051514602	0.0720405085334315	0.23060570665187	0.169146777892794
417	"Kyrgyzstan"	0.00403218390804598	0.029892788379915	0.0537850402761795	0.0427710342437169	0.0115162798165896	0.00544225357918958	-0.0110235729906473	-0.0299489373110439	-0.0618022246889409	-0.00712195961137902	-0.0348973228251108	-0.0149749680869989	-0.0208549003059163
418	"Lao People's Democratic Republic"	-5.94206722141806e-06	2.4333950675082e-05	3.58500035850004e-05	1.25994146311962e-05	1.71256782792416e-05	-0.0652115711199712	-0.0107941061905167	3.74985224766959e-05	-0.0106369379818774	-0.0270193714240309	-0.0327725932030278	-0.020487337537328	-0.0188002831702804
422	"Lebanon"	0.00121008408398508	0.0261077689540771	0.0110807805523437	-0.0334560977731302	-0.00435274089918051	-0.104826157465195	-0.0822866824243252	-0.0851978616098899	0.0332961033570241	-0.00970130605662414	0.170029486489995	0.0459935312582693	0.288207295287511
426	"Lesotho"	-0.0272501096816915	-0.0330049761348634	-0.0293629876017721	-0.0240021173296359	-0.0232969076958847	-0.00568971969123393	-0.0197031825688024	-0.0427030989415855	-0.029010337182182	-0.0424369834145273	-0.0185823378092634	-0.0126791162731769	-0.00994635394855032
428	"Latvia"	0.0142596203181119	0.030613759045245	0.0357705611789335	0.030727130328724	0.0231080759487571	0.0167971292134763	0.0158685635416928	0.0162667369975899	-0.0509094458114441	-0.015692197872337	-0.0348693495752232	-0.0386827015580732	-0.0351309890032093
430	"Liberia"	-1.18276263244253e-05	0.00790147951020925	0.00713639211863817	0.00878953013963645	0.00774444118873475	0.00733488225874586	0	-0.182028467645562	-0.142660269716203	0.216355813514071	-0.0172899561820878	0.0537001504073967	-0.00505281721277719
434	"Libya"	0	0.0373244662516981	0.0319892428146017	0.0279527501739695	0.027747244431159	0.0219450515499308	0.0355277967877708	0.00142945111941124	0.000901460274703251	0.00179082375022601	-0.0021881997967498	-0.0141355498011477	-0.0800696235390891
440	"Lithuania"	-0.023573635916775	-0.00931748943078548	0.0089200093693483	0.00886904956509166	0.0120425591729131	0.0117627663820349	0.0127636524372708	0.0103439054633881	-0.0271274922627916	-0.0306388036203181	-0.0240186577856127	-0.0423714162310649	-0.0542868899573625
442	"Luxembourg"	0.0194458802504046	0.0137290550832883	0.0271054655960532	0.0179244254370555	0.0449962169498312	0.033464789369011	0.00701014163123139	0.03497290696787	0.0524900009691268	0.0488548271705362	0.0331868096590974	0.0923430753068165	0.0958949691763358
446	"China, Macao SAR"	-0.190012316649871	-0.176109120969964	0.115493187756626	0.17438983132763	-0.0279007318812575	-0.0242171038583797	0.132990301986712	0.126293793168637	0.0523830041558369	0.0507028326628336	0.069149145533645	0.120307850705651	0.065466325992376
450	"Madagascar"	0	0	0	-0.0013864961617855	-0.00288901009853412	-0.00395960430092993	-0.000914535570506016	-0.000801413629922835	-0.000606541852253923	-0.000446087225551543	-0.000317755481472594	-0.000273531559790347	-0.000237339235045636
454	"Malawi"	-0.0112895925380628	-0.0131821970697415	-0.0171137819999094	-0.015258162752422	-0.0113829215774396	-0.00630061577806597	-0.00464123896174486	0.126836427323893	-0.0956089054328633	-0.00374841745927745	-0.00328948837824292	-0.00288833109530818	-0.00203116841473534
458	"Malaysia"	-0.00354342545639402	0.000725046988375446	0.00988656379905587	-0.00195636599530355	-0.00284691923846744	-0.000564499923731593	0.0114227975531416	0.0276198052059268	0.0164082372412821	0.0191794367619132	0.0209570564154839	0.0252841861048582	0.0160031295008802
462	"Maldives"	-0.000298446720477515	-0.00145538492421961	-0.00646453407510431	-0.0282702023889489	0.0208724060741727	0	0	-0.0137430032023044	-0.0137647359294557	-0.00432951548785768	-0.000374486418625884	-0.000173788725374466	-0.000159362549800797
466	"Mali"	-0.0074400675385081	-0.00986252163393463	-0.0133447194289981	-0.0176412435339235	-0.0160672901507016	-0.0269963821349168	-0.0307560162902629	-0.0613711299097498	-0.020453603628829	-0.0147241216171992	-0.00607499317004568	-0.00782703162952056	-0.0199408780186515
470	"Malta"	-0.0936387208851367	-0.0883171824130176	-0.0843510620612044	-0.0411512285606051	-0.0318053703180537	-0.0157446268981817	0.00900286966470563	0.00342546727038434	0.00813309830843925	0.0115899686082639	0.0148768014876802	0.0340599455040872	0.0151724004038208
474	"Martinique"	-0.0360538916491367	0.000142462318716699	-0.0291025299600533	-0.0741814488524053	-0.0833156419510364	-0.0630854591097514	-0.00503596459154609	-0.000688466132762161	-0.0188250785308181	0.00688839711880587	-0.0103561074678697	-0.0355441046099291	-0.0144011756061719
478	"Mauritania"	-0.00196823272383727	-0.00214246308268301	-0.00212079191768531	-0.00278122631926866	-0.00517883068095966	-0.00730044020901838	-0.0104948552394424	-0.0171491152358286	-0.00726404815026202	0.0042417070342927	0.0110643090836871	-0.00634097918034601	-0.00556885894080303
480	"Mauritius"	0.00539681381195084	-0.0141892069500302	-0.0467695822721329	-0.0387051381615192	-0.0247602084586186	-0.0231078403242293	-0.0223925402365957	-0.0354186951089969	-0.00531412633243833	-0.00784813356534559	-0.0163457068050016	-0.00988456685155392	0
484	"Mexico"	-0.00713969070586128	-0.00889426213222943	-0.0107665629122394	-0.0138941897751881	-0.0172977405147302	-0.0199105180658314	-0.0219093993977353	-0.0198626681708229	-0.0152187486318676	-0.0195358113138595	-0.0276357257696074	-0.00373215321301893	-0.0044140604431004
496	"Mongolia"	0	0	0	0	0	0	0	0	-0.0404881544036683	-0.0228294745343637	-0.00625709611677132	-0.00593758744988515	-0.00553000250308093
498	"Republic of Moldova"	0.0384860677239628	0.0535716121045738	0.0335901732512484	0.0223193554431328	0.0155303245276972	-0.00688059712767501	-0.00229061337314204	-0.0200552277379048	-0.0302359195933012	-0.0380976897878399	-0.00287520756527833	-0.0115234190384267	-0.00233297580134377
499	"Montenegro"	0.025330725696538	-0.00450882838060731	-0.00410532276330691	-0.100733400147991	-0.00385032047519997	-0.0133528908711043	-0.00344551489009996	-0.0488020572921332	-0.0329252567890354	-0.0347960639249535	-0.0130370935381717	-0.00504227038444878	-0.00387811278040749
504	"Morocco"	0	-0.0012378765271246	-0.019541820625226	-0.0335302299355732	-0.0310280181550662	-0.0164286945660097	-0.0159755164209152	-0.0185241873023141	-0.0187023890218118	-0.0205942966632402	-0.0240002669379062	-0.0190193480247588	-0.00967442771351792
508	"Mozambique"	-0.00372230643610542	-0.00343963765246926	-0.00313614415480114	-0.0028303922947809	-0.00253722760702296	0.00839721287842383	-0.0312796703254815	-0.0992140567696727	0.0486091392211365	-0.00314206514493938	0.00205337819696049	-0.00236667613968236	-0.00102789894536335
512	"Oman"	-0.0219097406324904	-0.0201684468682436	-0.0181245774707877	-0.00799991040100351	0.0351868481038889	0.0866271977361673	0.0706009745533297	0.00745387128808021	0.0517062796366103	-0.0948448443881555	0.0180637428814733	0.0739960373227236	0.41138046170408
516	"Namibia"	0	0	0	-0.00127462629275675	-0.0036212848513428	-0.0492255812695233	-0.0287748047170063	0.0650702242669801	0.0165954641890512	0.0214585295493812	-0.0263441718525169	-0.0246666791644508	-0.000625443611380703
524	"Nepal"	-0.0047810285618097	-0.00863611381229243	-0.00696036420602877	-0.00193259866156882	-0.000483775137912204	-0.00307973410722525	-0.00679291179093732	-0.0129473891722285	0.00405854584709766	-0.02172432629662	-0.0388726774836464	-0.0401420057916214	-0.0138551215568143
528	"Netherlands"	-0.00944126421268396	-0.00208049486210179	0.00101491839842391	0.00447245042248268	0.0138420101073053	0.0132772867719967	0.00563875961044237	0.00924881030703535	0.0147556787771136	0.00993818897309091	0.00909902192120607	0.00340896441179291	0.00661428797075153
531	"Curacao"	0.0261418989060129	-0.0511982757146034	-0.0610687022900763	-0.0338074038662643	-0.0348104570613012	-0.0881883160963144	-0.0571911213216663	-0.0967381546134663	-0.0785210739463027	-0.118684236131382	-0.0459496900099167	0.118726719114669	0.0386843264117069
533	"Aruba"	-0.0415068565123732	0.0636677567635557	-0.0797483766233766	-0.0745292887029289	-0.0598831795479556	-0.0901821778913527	-0.0319655218317359	-0.0824078187472235	0.228776469073824	0.0862236386724099	0.0689317396376764	-0.00440863332366966	0.0123330413299605
540	"New Caledonia"	-0.0534061458718993	0.0362214022140221	0.0428783724922494	0.0121275919164008	0.0613377767198286	-0.0095307917888563	-0.0146969675609378	0.00308583827608833	0.0283498578947056	0.0294453429740272	0.0227193721815074	0.018514712505958	0.0229759077716211
548	"Vanuatu"	-0.00218052206730265	-0.0022212511834535	0.0010517888259211	-0.00681142057156703	0.0168524851267157	0.00245296809139058	-0.0286420948855873	-0.021541514135417	-0.00201182544174913	-0.0421253477258137	-0.00271266305698754	0.00542089552238806	0.00255185167944003
554	"New Zealand"	0.0327106746799399	0.0181999063670412	0.0180231947821226	-0.000998476790171092	0.0271951390790297	-0.0242610569392351	-0.000924121901466615	-0.00288171563971762	0.0347357818935734	0.0115878424527999	0.0348939437058509	0.0150949319406322	0.00166284163499104
558	"Nicaragua"	-0.00834135782973344	-0.00729433296640628	-0.00789036544850498	-0.00921007275652043	-0.015845494027551	-0.0207387294100148	-0.0338477065518737	-0.0404414450872195	-0.0289538296428768	-0.0314381614616273	-0.0346141236796748	-0.0288140133514843	-0.0235285013808616
562	"Niger"	0.00195374228963282	-0.00848813606964569	-0.00340037676586911	-0.00294396571178818	-0.00306024318738458	-0.00350761908316507	-0.0155867049662771	-0.0134417541535235	-0.000338604559925297	0.00256956057694197	-0.00253881612608393	-0.00211316860648777	-0.00174914175616361
566	"Nigeria"	8.89599230000097e-05	6.58036595345892e-05	2.25826930221956e-05	-0.000862823142912371	-0.000686348376511557	0.0134451500007913	-0.00911339690512493	-0.0010894551794442	-0.00100158606160838	-0.000876432151302033	-0.00138350043726345	-0.00214882315080177	-0.00188176562957837
578	"Norway"	-0.00121337295017453	-0.00275206003561524	-0.000634838035340992	0.00372361921717263	0.00755292114830822	0.00517395320927128	0.00607589665709334	0.00933261497629784	0.0110610500250567	0.0134807013552035	0.0150058821276827	0.0376268167809449	0.0481809254932941
583	"Micronesia (Fed. States of)"	0	0	0	0	-0.130174336268781	-0.00867830108003674	0	-0.0287201391077034	-0.0231908731353355	-0.126613113168954	-0.119612771106767	-0.114239439537468	-0.0790588598616084
586	"Pakistan"	-0.000219884834152763	-0.000413138997550948	-0.00207669207720642	-0.0041294603458982	-0.00237727530951907	0.0104803761245294	0.0172306752189108	0.00151673521849087	-0.0104892553213625	-0.00594317693097398	-0.00648450518658932	-0.00845332926246702	-0.00636257981305747
591	"Panama"	-0.0163622827629528	-0.0124939859250259	-0.0105285085319051	-0.00965444951305579	-0.00808797249773414	-0.00806609187334225	-0.00642078263396636	-0.00423336259212464	0.000790769766208959	0.00357799589134901	0.00532199576657176	0.0067014109295903	0.00776272708842355
598	"Papua New Guinea"	-0.000389300500177966	-0.00421356950550536	-0.00219476073955862	0.00138494093062663	-0.00301960566874285	-0.00293377352393074	0	0	0	0	0	0	0
600	"Paraguay"	-0.0536081914413421	-0.0446100942793425	-0.0370913214821183	-0.0303221821099817	-0.0237783244183142	-0.0166003574392217	-0.00666817999464257	-0.00469575628039019	-0.0073685134820848	-0.00921284484104004	-0.0088481289636625	-0.0202396931546635	-0.0139616291916893
604	"Peru"	-0.00213516638445806	-0.00250388283362466	-0.0029816571434194	-0.00430774993530148	-0.00659609711993887	-0.00650021789301883	-0.00679746517075349	-0.00946541178155994	-0.0134697212921923	-0.0224637617554416	-0.0245032630873195	-0.0177468958623788	-0.0081705899342962
608	"Philippines"	2.67484915761358e-05	4.31938117605568e-05	1.38545153330852e-05	-0.00879360829264968	-0.00663973707832074	-0.00759498777688768	-0.00372751707356121	-0.0054995567216202	-0.00815011588875325	-0.010963158634895	-0.0140810902064713	-0.021232932983318	-0.00752373453418442
616	"Poland"	0	-0.00607075717062994	-0.000343110628982423	-0.00453758351182534	-0.00520779768844271	-0.00311972168670016	-0.00228855411341549	-0.0122441635373961	-0.00629664551552447	-0.00632081480395089	0.000988663369996158	0.000136103009205035	-0.00191340527447511
620	"Portugal"	-0.0314936410006975	-0.0380321097538532	-0.061731245248758	-0.0789322545025192	0.0124778094361106	0.0216233051698063	-0.00685696010562101	-0.0148930195888534	0.0150775723209737	0.0172253002476278	0.0173519746283082	0.0121206078004138	-0.0132264672568883
624	"Guinea-Bissau"	-0.0186784802466807	-0.017348625336084	-0.0324477171738802	-0.0110793391013323	-0.0210711014458549	-0.0359687186087796	-0.0353000284744071	-0.0296357127058726	-0.0284025494978262	-0.0254056942424994	-0.0228065574268979	-0.017092065540777	-0.00612105279905226
626	"Timor-Leste"	0.00109368294269932	0.00364655712542032	0.00134127421049997	0.00157942362006087	0.00371969864136431	-0.141746040862471	0.0178330274593996	-0.00738183733170172	-0.00565499148238861	-0.182214962186449	1.41645567379026e-05	-0.106059947629957	-0.0473020143370396
630	"Puerto Rico"	-0.130618124436429	-0.0932204332533155	-0.0388810351634636	-0.0520866876428209	-0.0151416352346084	-0.00667784928163409	-0.0151896160998637	-0.0163788380853687	-8.4139097846949e-05	-0.00825281754443309	-0.0383736447456545	-0.036702406688605	-0.0279100222095167
634	"Qatar"	0.225929037161486	0.125352309194921	0.34532541376905	0.28435065199951	0.314353922564004	0.172302580735458	0.456370828956485	0.155002681427544	-0.0471228472248457	0.0855057393032999	0.3123128537559	1.02140576683187	0.205889166491552
638	"Reunion"	0.0102575057131687	-0.0135192588579775	-0.00725667354799503	0.0314916702919876	-0.0513630214815216	-0.0371800584187336	0.00606763945261645	-0.00357257920171827	0.0157046883137728	0.0144697732286925	-0.0012080720933989	-0.0156922291757727	-0.0151243323427845
642	"Romania"	-0.000123242425056164	-0.000114448077435306	-0.000107500684302832	-0.000103253150201496	-9.73769254936587e-05	-0.00461552734311896	-0.00884480285354568	-0.00865664570474337	-0.0221377243936095	-0.0265620152296145	-0.0221650813021375	-0.04084555129648	-0.0215382279517675
643	"Russian Federation"	0.00031902167749137	-0.0108974770685208	-0.011633068897406	-0.00435327431542775	-0.0022308235525151	0.00478219615818933	0.0080180751025209	0.006341040218197	0.0170748914036915	0.0155652382459851	0.0118532290135192	0.0150209612603635	0.00780873738760669
646	"Rwanda"	0	0	-0.0477261384648111	0.0061863253134843	-0.00532687573943694	-0.00458803358257061	-0.00972652820016239	0.00490342705402416	-0.185663122921758	0.204664999649064	-0.00905037787300351	-0.00832583093460092	-0.00728612897888984
662	"Saint Lucia"	-0.110082988053103	-0.143569326640125	-0.104248006140087	-0.079924820618257	-0.0926345500278413	-0.0813701375603535	-0.0690008814754543	-0.0337140868244526	-0.0347807207989579	-0.00644722524483134	-0.00144632969945651	0.0172302260484744	0.00022548295630704
670	"Saint Vincent and the Grenadines"	-0.0732388059701493	-0.0773446850179523	-0.115209764293126	-0.116479784115759	-0.0971953524879224	-0.075898926935386	-0.0730802141165702	-0.067986255348067	-0.0807560297277437	-0.0735095540223081	-0.0481941110503536	-0.047099283671574	-0.0457389586153902
678	"Sao Tome and Principe"	-0.152316666666667	-0.0591677724473478	-0.14243249552564	-0.01148201305616	-0.0337907906964216	-0.0147808297117678	-0.0631786252145799	-0.0579294494819278	-0.0492978208232446	-0.065977691854822	-0.0408197486220874	-0.0365598840322307	-0.0327656835205992
682	"Saudi Arabia"	0.00842235504284063	0.00729842694153502	0.0308302453494265	0.0386088134221509	0.0842770381848792	0.134030897713666	0.140385115703077	0.044224791569433	-0.00152798165297422	0.00319232276792794	0.0441748289207042	0.0329356405254669	0.0302591819974812
686	"Senegal"	0.0133378394420178	0.0158327507094831	0.0157359735142688	0.0237091525297399	0.015549982289152	-0.0275039786829524	-0.0152834142416179	-0.00936482995403559	-0.00931675902734037	-0.024092540409283	-0.0153267891598241	-0.0147352106141861	-0.00771765169323176
688	"Serbia"	0.0052294505734779	-0.00691880873254092	-0.0116637752043543	-0.0114541209768778	-0.00254327013725974	0.000903830546836311	-0.00116296129909512	-0.00297058346439325	0.0187386198512871	-0.0553321450330661	-0.02920026045866	-0.00415982478989973	-0.0110385795590397
690	"Seychelles"	-0.0518143274048786	-0.0557269175406128	-0.0204872646733112	-0.0213384648278811	0.00439233060881521	-0.00335632415378677	-0.046747722198757	-0.0758150656491173	0.00884930692228185	-0.00176003546145522	0.0309658180742785	-0.0125187330275953	-0.0166629065007896
694	"Sierra Leone"	0	0	0	0	0	0	0	0.0181033477936229	-0.11446914027444	-0.0390845605315744	0.123131453152639	0.0118309591421953	-0.00363544949342977
702	"Singapore"	0.064127901629785	0.0520712152809422	0.000261979117571086	-0.000193129176817477	0.00283934349402696	0.00630571257955625	0.0570758460052582	0.0442293052512816	0.082524532555364	0.0732901954985234	0.111172704286655	0.0999314652707322	0.0783498829780343
703	"Slovakia"	0.0190544420111425	0.00471765910526305	-0.00638761643072746	-0.0132092057462032	-0.00336593647572726	-0.00204363721898407	-0.00697121909035984	-0.00684611878458127	-0.00286260572532514	-0.000552680893911	0.000222611498375901	0.0017821091615675	0.000221753849158556
704	"Viet Nam"	0	0	0	0	0	-0.0166864982958849	-0.00597621761787821	-0.00544357787803543	-0.00577977259624613	-0.00287239287503586	-0.00961986154347576	-0.0104232923312728	-0.0022635472656481
705	"Slovenia"	-0.0135768661063041	-0.00633313798736908	-0.0139030348562237	-0.00917496504921341	0.0107463959563556	0.0199044430646622	0.0372380148803898	0.0167643804854776	-0.00870213105276798	0.000746678235911156	0.00754179212853732	0.0248552232332025	0.00210671967570939
706	"Somalia"	0	-0.000415808760079148	-0.000379120440577859	0.000484760346603648	-5.80480754160596e-07	0.409065294495813	-0.136631204095698	-0.104192768304791	-0.141318792745208	-0.0157578106781125	-0.027080261964932	-0.0413370217190677	-0.0417464975473073
710	"South Africa"	-0.000498276641027855	0.000876203325191619	0.00662264713086359	0.0101412908796011	0.0102908112173482	0.00285288963835589	0.00602232482056439	-0.00404338439305105	0.0218678630377276	0.00383594585245642	0.0238786430836048	0.029008363936257	0.0116230428684554
716	"Zimbabwe"	-0.00109215852025626	-0.00155974198864763	-0.00266523469042397	-0.00633088293158142	-0.0058313842565302	-0.0164524031632904	0.0194158853726868	0.0135970241693155	-0.0182934849030084	-0.017118691419838	-0.0316443680994395	-0.0236937843498261	-0.0157380578946589
724	"Spain"	-0.0155164973579909	-0.0157733592353863	-0.00636455414230485	-0.00453326879600703	0.00285910190182306	0.00214160544856641	-0.00114815416269735	-0.00174705487354499	0.00814624290560931	0.0225332708886599	0.0694292487325091	0.0513058319939311	-0.0127263951119848
728	"South Sudan"	0	0	0	0	0.0068547669557459	0.0145726603775922	0.0319060867493661	-0.0743807010845181	-0.186734557520665	0.0733571976523496	0.0645455049373233	0.0969148044644458	0.0860140357331968
729	"Sudan"	0	0	0	0	0.00195470273019258	0.0149057941388927	0.0152584990091942	0.0087731513961096	0.0674702995741275	-0.0198445486528616	-0.015313573552732	-0.0156298516133306	-0.0221515034590308
732	"Western Sahara"	0.406799360743862	0.392453543902785	0.381586177422309	0.336479036276953	-0.145430894308943	0.811142536955014	0.0676069781006416	0.058655527598248	0.0479642850554356	0.105210381284001	0.294488163211884	0.111037865080812	0.0464042650835343
740	"Suriname"	-0.0159210042837409	-0.0216558573976185	-0.0381071275847323	-0.0417783055404025	-0.153043084779728	-0.111269512561664	-0.087577216857739	-0.0130428111094062	-0.00818563912647327	-0.00538770383329969	-0.0460571064854779	-0.0115345762897892	-0.00964988294691985
748	"Swaziland"	-0.0100915750915751	-0.00644102991384838	-0.0283707438873188	-0.0241843031821048	-0.0176563999964113	-0.0183175401276349	-0.0240249397967758	0.0243078589126454	-0.0443279921365714	-0.0124555234018526	-0.0433170539101169	-0.00543162400126014	-0.00502871395669271
752	"Sweden"	0.00742548445323073	0.00651084587687523	0.0107426839021648	0.0169199295145034	0.00233543117950953	0.0108104868570078	0.00358552578145728	0.0161144769839204	0.018279944391395	0.00662420468758497	0.0159736771275581	0.0290640379359708	0.0290574898662875
756	"Switzerland"	0.0282229041097769	0.0259891245088829	0.052147798765889	0.0159483138643537	0.00408227307967427	-0.0212966030844322	0.0128561293786035	0.0202700567562209	0.0370705672228615	0.00929422967683534	0.0259748651225909	0.0465501751476121	0.048817488053816
760	"Syrian Arab Republic"	-0.0205078385353419	-0.00382471192269798	-0.00348373108470104	-0.00296387792305514	-0.0127768505747631	-0.0213738762559492	-0.00971410055831989	-0.0137337241246451	-0.00562179502469534	-0.00907063526961626	-0.0232303313246566	0.020404964649226	-0.194492225660239
762	"Tajikistan"	-0.0109017160930903	-0.0137339786216317	0.0376636055105655	0.0139136134907425	0.00991715948768078	-0.00168453117496123	-0.00558243964098812	-0.00836040705725652	-0.054605886863575	-0.056150496254536	-0.0156061474079525	-0.00961479828172307	-0.0154822878680443
764	"Thailand"	0	0	0	0	0.0109144350994013	0.00678460640349344	0.00721558837045013	0.00987049404524868	-0.0142717160953296	0.0117403394038706	0.0175913791902748	-0.0130350016996393	0.00149942967692808
768	"Togo"	-0.0336226529211198	-0.0389024852782427	-0.0492783039430868	0.0813065657204126	-0.0236343671369842	-0.0414860984232793	0.0183770588326097	-0.00614818036916749	-0.0250869963152327	-0.00700233364439255	-0.00205016272679438	-0.00179161126517263	-0.00156379799810698
776	"Tonga"	-0.0341804320203304	-0.0890210396934423	0.00167207792207792	-0.0423194330513831	-0.0904942515112007	-0.0892956184137548	-0.134850065048867	-0.116036741775143	-0.116466285522112	-0.0907403351792176	-0.0830354041962042	-0.0812627654722481	-0.0777126805006397
780	"Trinidad and Tobago"	-0.00433996047259413	-0.00381738185709884	-0.068282023993466	-0.0674722906910093	-0.0310329007733648	-0.0305075596621608	-0.0315836610436853	-0.0384914619513466	-0.0261665400882557	-0.025932250253187	-0.010377923942018	-0.00871517649716678	-0.00376479092233613
784	"United Arab Emirates"	-0.00198304354073861	-0.002199431918156	0.409039865244245	0.358060910868958	1.04157428408811	0.736385796165755	0.17268184451248	0.193220248616555	0.180423724977339	0.206132945733795	0.386869010087446	0.779343753737191	0.0486226406463906
788	"Tunisia"	-0.00517764075766023	-0.0487935564378439	-0.0341201925356287	-0.0212355951369975	-0.0191813165499201	-0.0127498063681097	0.0134390277644956	0.00669213645626661	0.0170465760299932	-0.00403819542127187	-0.0143357302340236	-0.00326068547347349	-0.00309619318907053
792	"Turkey"	-0.000931421885994187	-0.00381355862319199	-0.00940610337498838	-0.0103150734639591	-0.00905322441476024	-0.00939114502591855	-0.00176721566791077	-0.00305013947372772	-0.00370409228847956	-0.00256309045847806	-0.00158130537215459	-0.000736804382429945	0.0276585741119232
795	"Turkmenistan"	-0.0237646573080099	0.0276635723618057	0.0227555552208627	0.0192746031746032	0.0144158165025435	0.00648451866308043	-0.00877874868926949	-0.0106267256933661	0.0118955834242094	-0.0144039770678676	-0.0254262044924056	-0.0120155717158901	-0.00495855311240888
800	"Uganda"	0	0	0.0184443294411444	0.0066539179095166	-0.0254635177721335	-0.0153932674866545	-0.00919184421371346	0.0159499405683336	0.00690229251346425	-0.00224058560423872	-0.000210500741740466	-0.00481410069811039	-0.00452505695650696
804	"Ukraine"	0.00117771488671727	-0.00812457523774817	0.0106455956861058	0.005912892949637	0.00445668822644362	0.00214079513466502	0.00378420050859325	0	0.00144872468291761	-0.00909759456257227	-0.00339400334413286	0.0050260375435463	0.00427186620988222
807	"TFYR Macedonia"	0	-0.0322740493374987	-0.0275011688332626	-0.0181991843931993	-0.0354498319965504	-0.00818021429732186	-0.0378090774630832	-0.0498694949160549	-0.0668751599893199	-0.0025589390359265	-0.00759026485909154	-0.00244701878805264	-0.00242382456145455
818	"Egypt"	-0.00239744613127563	-0.00211783659736621	-0.00185059342916699	-0.00776407021518038	-0.0157086471650295	-0.014591006050319	-0.00898743431797497	-0.00416066770303266	-0.00802357943796325	-0.0032697132469667	-0.000990825991490001	-0.00372591566170771	-0.00262894181901307
826	"United Kingdom"	-0.00707128013167059	0.00136883037116988	0.00272012308374262	-0.00156329368087449	0.00191354646864588	0.000696316344316942	-0.00173412266582011	0.00175055671170583	0.00359731358981457	0.00861770878901019	0.0164497924847679	0.0253103918996063	0.0143502484920918
830	"Channel Islands"	0.021382109844965	0.0213146731308234	0.0268143558248567	0.0337414776680117	0.0350671639328031	0.0136532270185181	0.0419614235685929	0.0454769663089295	0.0150708400571555	0.0262270045123221	0.0308757774415868	0.0290282440472333	0.0228971757643358
834	"United Republic of Tanzania"	0	0	0.00267973862696772	0.00308331973154303	0.0087456517597584	-0.00139234236728865	0.00198989632961773	0.00312277851470878	0.0232257117233075	-0.00688465153829529	-0.00870662419733822	-0.00679157622051114	-0.00438128066569511
840	"United States of America"	0.00551449360585158	0.0108890365344867	0.00514918304092948	0.00749818714344538	0.0135593672940334	0.0176870114018652	0.0142832248597019	0.0153146086466174	0.0180699251458812	0.0326441452028592	0.0182016066477296	0.0171211563761129	0.0161609297029843
850	"United States Virgin Islands"	-0.0112707594700504	-0.0182889448947619	0.314721745525864	0.065410199556541	0.146823786483534	0.0228581419745891	-0.0354795119027057	-0.106584629495166	-0.044725092733383	-0.0367788596310901	-0.0485849360894287	-0.0574474797713607	-0.0338779116767874
854	"Burkina Faso"	-0.0238440950626882	-0.0226157836071598	-0.0299677530304138	-0.0279665050458282	-0.0302711465372541	-0.0353234713580916	-0.0318635641463086	-0.023770845216664	-0.0170242240609018	-0.0136274221804113	-0.0107684875116558	-0.00931311736189336	-0.00799638384331284
858	"Uruguay"	0.0044672652206427	0.00842968818161932	-0.00236345996357908	-0.0126181326277076	-0.0484020387223428	-0.021200124939403	-0.0102888597371196	-0.00996046690684673	-0.00643089504875744	-0.0080624980037565	-0.0313135869051397	-0.015034844756207	-0.00889043253139656
860	"Uzbekistan"	-0.00547427310490674	0.00198375996851935	0.0350756334950871	0.0433947245038893	0.0371062576328026	0.0056272810873216	-0.0071707450003288	-0.0213730022923227	-0.0194977901315158	-0.0127823939361028	-0.0183535739255481	-0.0111873052323914	-0.00702965605619428
862	"Venezuela (Bolivarian Republic of)"	0.0444268554939213	0.0118083171509352	0.00231672506350618	0.000322859928258325	7.69777898364809e-05	8.18801723345609e-05	8.9481714480077e-05	5.08908497509633e-05	-2.87987705543043e-05	-9.28852385976609e-05	-0.000312399452042865	-0.0010607373460049	-0.0023838325243928
882	"Samoa"	-0.0336776205208156	-0.0251037586642465	-0.0133738322058079	-0.0396874114647275	-0.0929771258948839	-0.116016990018694	-0.112051120511205	-0.116565643941761	-0.0842661099683787	-0.101670212390837	-0.090061507095651	-0.0854286158908008	-0.0682151707529471
887	"Yemen"	-0.011357647785713	-0.0157312217978521	-0.0193561711635246	-0.0437185562992399	-0.0573402505492806	-0.0110391863148238	-0.00620395040264258	-0.00511548619320045	0.0562490119009967	-0.00655044131305692	-0.00561948689701431	0	-0.0021193650111148
894	"Zambia"	0	0	0.000820111320028358	-0.00119195873120305	0.00637051181518133	0.00352677905774754	0.00986255663844674	0.000401864422914138	-0.00281832246078971	0.00858526700143632	-0.00878725241421529	-0.0102998349910753	-0.00247811396910021
