"index"	"country"	"country_code"	"1990-1995"	"1995-2000"	"2000-2005"	"2005-2010"	"2010-2015"	"2015-2020"	"2020-2025"	"2025-2030"	"2030-2035"	"2035-2040"	"2040-2045"	"2045-2050"
1	"Afghanistan"	4	1.06	1.06	1.06	1.06	1.06	1.06	1.06	1.06	1.06	1.06	1.06	1.06
2	"Albania"	8	1.07	1.07	1.07	1.07	1.07	1.07	1.07	1.07	1.07	1.07	1.07	1.07
3	"Algeria"	12	1.05	1.05	1.05	1.05	1.05	1.05	1.05	1.05	1.05	1.05	1.05	1.05
4	"American Samoa"	16	1.06	1.06	1.06	1.06	1.06	1.06	1.06	1.06	1.06	1.06	1.06	1.06
5	"Andorra"	20	1.06	1.06	1.06	1.06	1.06	1.06	1.06	1.06	1.06	1.06	1.06	1.06
6	"Angola"	24	1.03	1.03	1.03	1.03	1.03	1.03	1.03	1.03	1.03	1.03	1.03	1.03
7	"Anguilla"	660	1.05	1.05	1.05	1.05	1.05	1.05	1.05	1.05	1.05	1.05	1.05	1.05
8	"Antigua and Barbuda"	28	1.03	1.03	1.03	1.03	1.03	1.03	1.03	1.03	1.03	1.03	1.03	1.03
9	"Argentina"	32	1.04	1.04	1.04	1.04	1.04	1.04	1.04	1.04	1.04	1.04	1.04	1.04
10	"Armenia"	51	1.074	1.15	1.171	1.168	1.156	1.143	1.131	1.119	1.107	1.095	1.082	1.07
11	"Aruba"	533	1.05	1.05	1.05	1.05	1.05	1.05	1.05	1.05	1.05	1.05	1.05	1.05
12	"Australia"	36	1.053	1.053	1.053	1.053	1.053	1.053	1.053	1.053	1.053	1.053	1.053	1.053
13	"Austria"	40	1.055	1.055	1.055	1.055	1.055	1.055	1.055	1.055	1.055	1.055	1.055	1.055
14	"Azerbaijan"	31	1.065	1.1	1.17	1.158	1.146	1.134	1.122	1.11	1.098	1.086	1.074	1.062
15	"Bahamas"	44	1.044	1.044	1.044	1.044	1.044	1.044	1.044	1.044	1.044	1.044	1.044	1.044
16	"Bahrain"	48	1.05	1.05	1.05	1.05	1.05	1.05	1.05	1.05	1.05	1.05	1.05	1.05
17	"Bangladesh"	50	1.038	1.038	1.038	1.038	1.038	1.038	1.038	1.038	1.038	1.038	1.038	1.038
18	"Barbados"	52	1.036	1.036	1.036	1.036	1.036	1.036	1.036	1.036	1.036	1.036	1.036	1.036
19	"Belarus"	112	1.065	1.065	1.065	1.065	1.065	1.065	1.065	1.065	1.065	1.065	1.065	1.065
20	"Belgium"	56	1.051	1.043	1.05	1.05	1.05	1.05	1.05	1.05	1.05	1.05	1.05	1.05
21	"Belize"	84	1.03	1.03	1.03	1.03	1.03	1.03	1.03	1.03	1.03	1.03	1.03	1.03
22	"Benin"	204	1.043	1.043	1.043	1.043	1.043	1.043	1.043	1.043	1.043	1.043	1.043	1.043
23	"Bermuda"	60	1.04	1.04	1.04	1.04	1.04	1.04	1.04	1.04	1.04	1.04	1.04	1.04
24	"Bhutan"	64	1.04	1.04	1.04	1.04	1.04	1.04	1.04	1.04	1.04	1.04	1.04	1.04
25	"Bolivia (Plurinational State of)"	68	1.05	1.05	1.05	1.05	1.05	1.05	1.05	1.05	1.05	1.05	1.05	1.05
26	"Bosnia and Herzegovina"	70	1.072	1.072	1.072	1.072	1.072	1.072	1.072	1.072	1.072	1.072	1.072	1.072
27	"Botswana"	72	1.03	1.03	1.03	1.03	1.03	1.03	1.03	1.03	1.03	1.03	1.03	1.03
28	"Brazil"	76	1.05	1.05	1.05	1.05	1.05	1.05	1.05	1.05	1.05	1.05	1.05	1.05
29	"British Virgin Islands"	92	1.03	1.03	1.03	1.03	1.03	1.03	1.03	1.03	1.03	1.03	1.03	1.03
30	"Brunei Darussalam"	96	1.055	1.055	1.055	1.055	1.055	1.055	1.055	1.055	1.055	1.055	1.055	1.055
31	"Bulgaria"	100	1.06	1.06	1.06	1.06	1.06	1.06	1.06	1.06	1.06	1.06	1.06	1.06
32	"Burkina Faso"	854	1.045	1.045	1.045	1.045	1.045	1.045	1.045	1.045	1.045	1.045	1.045	1.045
33	"Burundi"	108	1.03	1.03	1.03	1.03	1.03	1.03	1.03	1.03	1.03	1.03	1.03	1.03
34	"Cambodia"	116	1.05	1.05	1.05	1.05	1.05	1.05	1.05	1.05	1.05	1.05	1.05	1.05
35	"Cameroon"	120	1.03	1.03	1.03	1.03	1.03	1.03	1.03	1.03	1.03	1.03	1.03	1.03
36	"Canada"	124	1.055	1.055	1.055	1.055	1.055	1.055	1.055	1.055	1.055	1.055	1.055	1.055
37	"Cape Verde"	132	1.03	1.03	1.03	1.03	1.03	1.03	1.03	1.03	1.03	1.03	1.03	1.03
38	"Cayman Islands"	136	1.03	1.03	1.03	1.03	1.03	1.03	1.03	1.03	1.03	1.03	1.03	1.03
39	"Central African Republic"	140	1.03	1.03	1.03	1.03	1.03	1.03	1.03	1.03	1.03	1.03	1.03	1.03
40	"Chad"	148	1.03	1.03	1.03	1.03	1.03	1.03	1.03	1.03	1.03	1.03	1.03	1.03
41	"Channel Islands"	830	1.057	1.057	1.057	1.057	1.057	1.057	1.057	1.057	1.057	1.057	1.057	1.057
42	"Chile"	152	1.04	1.04	1.04	1.04	1.04	1.04	1.04	1.04	1.04	1.04	1.04	1.04
43	"China"	156	1.15	1.18	1.21	1.2	1.18	1.16	1.15	1.14	1.13	1.12	1.11	1.1
44	"China, Hong Kong SAR"	344	1.067	1.067	1.067	1.067	1.067	1.067	1.067	1.067	1.067	1.067	1.067	1.067
45	"China, Macao SAR"	446	1.05	1.05	1.05	1.05	1.05	1.05	1.05	1.05	1.05	1.05	1.05	1.05
46	"Colombia"	170	1.05	1.05	1.05	1.05	1.05	1.05	1.05	1.05	1.05	1.05	1.05	1.05
47	"Comoros"	174	1.05	1.05	1.05	1.05	1.05	1.05	1.05	1.05	1.05	1.05	1.05	1.05
48	"Congo"	178	1.03	1.03	1.03	1.03	1.03	1.03	1.03	1.03	1.03	1.03	1.03	1.03
49	"Cook Islands"	184	1.06	1.06	1.06	1.06	1.06	1.06	1.06	1.06	1.06	1.06	1.06	1.06
50	"Costa Rica"	188	1.05	1.05	1.05	1.05	1.05	1.05	1.05	1.05	1.05	1.05	1.05	1.05
51	"Cote d'Ivoire"	384	1.022	1.022	1.022	1.022	1.022	1.022	1.022	1.022	1.022	1.022	1.022	1.022
52	"Croatia"	191	1.059	1.059	1.059	1.059	1.059	1.059	1.059	1.059	1.059	1.059	1.059	1.059
53	"Cuba"	192	1.057	1.057	1.057	1.057	1.057	1.057	1.057	1.057	1.057	1.057	1.057	1.057
54	"Cyprus"	196	1.07	1.07	1.07	1.07	1.07	1.07	1.07	1.07	1.07	1.07	1.07	1.07
55	"Czech Republic"	203	1.058	1.058	1.058	1.058	1.058	1.058	1.058	1.058	1.058	1.058	1.058	1.058
56	"Dem. People's Rep. of Korea"	408	1.05	1.05	1.05	1.05	1.05	1.05	1.05	1.05	1.05	1.05	1.05	1.05
57	"Dem. Republic of the Congo"	180	1.03	1.03	1.03	1.03	1.03	1.03	1.03	1.03	1.03	1.03	1.03	1.03
58	"Denmark"	208	1.054	1.054	1.054	1.054	1.054	1.054	1.054	1.054	1.054	1.054	1.054	1.054
59	"Djibouti"	262	1.039	1.039	1.039	1.039	1.039	1.039	1.039	1.039	1.039	1.039	1.039	1.039
60	"Dominica"	212	1.03	1.03	1.03	1.03	1.03	1.03	1.03	1.03	1.03	1.03	1.03	1.03
61	"Dominican Republic"	214	1.05	1.05	1.05	1.05	1.05	1.05	1.05	1.05	1.05	1.05	1.05	1.05
62	"Ecuador"	218	1.05	1.05	1.05	1.05	1.05	1.05	1.05	1.05	1.05	1.05	1.05	1.05
63	"Egypt"	818	1.05	1.05	1.05	1.05	1.05	1.05	1.05	1.05	1.05	1.05	1.05	1.05
64	"El Salvador"	222	1.05	1.05	1.05	1.05	1.05	1.05	1.05	1.05	1.05	1.05	1.05	1.05
65	"Equatorial Guinea"	226	1.03	1.03	1.03	1.03	1.03	1.03	1.03	1.03	1.03	1.03	1.03	1.03
66	"Eritrea"	232	1.03	1.03	1.03	1.03	1.03	1.03	1.03	1.03	1.03	1.03	1.03	1.03
67	"Estonia"	233	1.059	1.059	1.059	1.059	1.059	1.059	1.059	1.059	1.059	1.059	1.059	1.059
68	"Ethiopia"	231	1.03	1.03	1.03	1.03	1.03	1.03	1.03	1.03	1.03	1.03	1.03	1.03
69	"Faeroe Islands"	234	1.03	1.03	1.03	1.03	1.03	1.03	1.03	1.03	1.03	1.03	1.03	1.03
70	"Falkland Islands (Malvinas)"	238	1.03	1.03	1.03	1.03	1.03	1.03	1.03	1.03	1.03	1.03	1.03	1.03
71	"Fiji"	242	1.06	1.06	1.06	1.06	1.06	1.06	1.06	1.06	1.06	1.06	1.06	1.06
72	"Finland"	246	1.048	1.048	1.048	1.048	1.048	1.048	1.048	1.048	1.048	1.048	1.048	1.048
73	"France"	250	1.052	1.052	1.052	1.052	1.052	1.052	1.052	1.052	1.052	1.052	1.052	1.052
74	"French Guiana"	254	1.05	1.05	1.05	1.05	1.05	1.05	1.05	1.05	1.05	1.05	1.05	1.05
75	"French Polynesia"	258	1.05	1.05	1.05	1.05	1.05	1.05	1.05	1.05	1.05	1.05	1.05	1.05
76	"Gabon"	266	1.03	1.03	1.03	1.03	1.03	1.03	1.03	1.03	1.03	1.03	1.03	1.03
77	"Gambia"	270	1.03	1.03	1.03	1.03	1.03	1.03	1.03	1.03	1.03	1.03	1.03	1.03
78	"Georgia"	268	1.076	1.111	1.11	1.11	1.106	1.101	1.097	1.093	1.089	1.084	1.08	1.076
79	"Germany"	276	1.055	1.055	1.055	1.055	1.055	1.055	1.055	1.055	1.055	1.055	1.055	1.055
80	"Ghana"	288	1.05	1.05	1.05	1.05	1.05	1.05	1.05	1.05	1.05	1.05	1.05	1.05
81	"Gibraltar"	292	1.05	1.05	1.05	1.05	1.05	1.05	1.05	1.05	1.05	1.05	1.05	1.05
82	"Greece"	300	1.067	1.067	1.067	1.067	1.067	1.067	1.067	1.067	1.067	1.067	1.067	1.067
83	"Greenland"	304	1.05	1.05	1.05	1.05	1.05	1.05	1.05	1.05	1.05	1.05	1.05	1.05
84	"Grenada"	308	1.05	1.05	1.05	1.05	1.05	1.05	1.05	1.05	1.05	1.05	1.05	1.05
85	"Guadeloupe"	312	1.04	1.04	1.04	1.04	1.04	1.04	1.04	1.04	1.04	1.04	1.04	1.04
86	"Guam"	316	1.058	1.058	1.058	1.058	1.058	1.058	1.058	1.058	1.058	1.058	1.058	1.058
87	"Guatemala"	320	1.05	1.05	1.05	1.05	1.05	1.05	1.05	1.05	1.05	1.05	1.05	1.05
88	"Guinea"	324	1.062	1.062	1.062	1.062	1.062	1.062	1.062	1.062	1.062	1.062	1.062	1.062
89	"Guinea-Bissau"	624	1.03	1.03	1.03	1.03	1.03	1.03	1.03	1.03	1.03	1.03	1.03	1.03
90	"Guyana"	328	1.05	1.05	1.05	1.05	1.05	1.05	1.05	1.05	1.05	1.05	1.05	1.05
91	"Haiti"	332	1.05	1.05	1.05	1.05	1.05	1.05	1.05	1.05	1.05	1.05	1.05	1.05
92	"Holy See"	336	1.05	1.05	1.05	1.05	1.05	1.05	1.05	1.05	1.05	1.05	1.05	1.05
93	"Honduras"	340	1.05	1.05	1.05	1.05	1.05	1.05	1.05	1.05	1.05	1.05	1.05	1.05
94	"Hungary"	348	1.06	1.06	1.06	1.06	1.06	1.06	1.06	1.06	1.06	1.06	1.06	1.06
95	"Iceland"	352	1.06	1.06	1.06	1.06	1.06	1.06	1.06	1.06	1.06	1.06	1.06	1.06
96	"India"	356	1.08	1.08	1.08	1.08	1.08	1.08	1.08	1.08	1.08	1.08	1.08	1.08
97	"Indonesia"	360	1.05	1.05	1.05	1.05	1.05	1.05	1.05	1.05	1.05	1.05	1.05	1.05
98	"Iran (Islamic Republic of)"	364	1.05	1.05	1.05	1.05	1.05	1.05	1.05	1.05	1.05	1.05	1.05	1.05
99	"Iraq"	368	1.065	1.065	1.065	1.065	1.065	1.065	1.065	1.065	1.065	1.065	1.065	1.065
100	"Ireland"	372	1.07	1.07	1.07	1.07	1.07	1.07	1.07	1.07	1.07	1.07	1.07	1.07
101	"Isle of Man"	833	1.05	1.05	1.05	1.05	1.05	1.05	1.05	1.05	1.05	1.05	1.05	1.05
102	"Israel"	376	1.06	1.06	1.06	1.06	1.06	1.06	1.06	1.06	1.06	1.06	1.06	1.06
103	"Italy"	380	1.063	1.063	1.063	1.063	1.063	1.063	1.063	1.063	1.063	1.063	1.063	1.063
104	"Jamaica"	388	1.05	1.05	1.05	1.05	1.05	1.05	1.05	1.05	1.05	1.05	1.05	1.05
105	"Japan"	392	1.056	1.056	1.056	1.056	1.056	1.056	1.056	1.056	1.056	1.056	1.056	1.056
106	"Jordan"	400	1.05	1.05	1.05	1.05	1.05	1.05	1.05	1.05	1.05	1.05	1.05	1.05
107	"Kazakhstan"	398	1.059	1.059	1.059	1.059	1.059	1.059	1.059	1.059	1.059	1.059	1.059	1.059
108	"Kenya"	404	1.03	1.03	1.03	1.03	1.03	1.03	1.03	1.03	1.03	1.03	1.03	1.03
109	"Kiribati"	296	1.07	1.07	1.07	1.06	1.06	1.06	1.06	1.06	1.06	1.06	1.06	1.06
110	"Kuwait"	414	1.03	1.03	1.03	1.03	1.03	1.03	1.03	1.03	1.03	1.03	1.03	1.03
111	"Kyrgyzstan"	417	1.055	1.055	1.055	1.055	1.055	1.055	1.055	1.055	1.055	1.055	1.055	1.055
112	"Lao People's Dem. Republic"	418	1.05	1.05	1.05	1.05	1.05	1.05	1.05	1.05	1.05	1.05	1.05	1.05
113	"Latvia"	428	1.057	1.057	1.057	1.057	1.057	1.057	1.057	1.057	1.057	1.057	1.057	1.057
114	"Lebanon"	422	1.05	1.05	1.05	1.05	1.05	1.05	1.05	1.05	1.05	1.05	1.05	1.05
115	"Lesotho"	426	1.03	1.03	1.03	1.03	1.03	1.03	1.03	1.03	1.03	1.03	1.03	1.03
116	"Liberia"	430	1.03	1.03	1.03	1.03	1.03	1.03	1.03	1.03	1.03	1.03	1.03	1.03
117	"Libyan Arab Jamahiriya"	434	1.05	1.05	1.05	1.05	1.05	1.05	1.05	1.05	1.05	1.05	1.05	1.05
118	"Liechtenstein"	438	1.05	1.05	1.05	1.05	1.05	1.05	1.05	1.05	1.05	1.05	1.05	1.05
119	"Lithuania"	440	1.058	1.058	1.058	1.058	1.058	1.058	1.058	1.058	1.058	1.058	1.058	1.058
120	"Luxembourg"	442	1.063	1.063	1.063	1.063	1.063	1.063	1.063	1.063	1.063	1.063	1.063	1.063
121	"Madagascar"	450	1.016	1.016	1.02	1.025	1.03	1.03	1.03	1.03	1.03	1.03	1.03	1.03
122	"Malawi"	454	1.03	1.03	1.03	1.03	1.03	1.03	1.03	1.03	1.03	1.03	1.03	1.03
123	"Malaysia"	458	1.06	1.06	1.06	1.06	1.06	1.06	1.06	1.06	1.06	1.06	1.06	1.06
124	"Maldives"	462	1.035	1.035	1.035	1.035	1.035	1.035	1.035	1.035	1.035	1.035	1.035	1.035
125	"Mali"	466	1.029	1.029	1.029	1.029	1.029	1.029	1.029	1.029	1.029	1.029	1.029	1.029
126	"Malta"	470	1.06	1.06	1.06	1.06	1.06	1.06	1.06	1.06	1.06	1.06	1.06	1.06
127	"Marshall Islands"	584	1.06	1.06	1.06	1.06	1.06	1.06	1.06	1.06	1.06	1.06	1.06	1.06
128	"Martinique"	474	1.04	1.04	1.04	1.04	1.04	1.04	1.04	1.04	1.04	1.04	1.04	1.04
129	"Mauritania"	478	1.078	1.078	1.078	1.078	1.078	1.078	1.078	1.078	1.078	1.078	1.078	1.078
130	"Mauritius"	480	1.042	1.042	1.042	1.042	1.042	1.042	1.042	1.042	1.042	1.042	1.042	1.042
131	"Mayotte"	175	1.016	1.016	1.016	1.016	1.016	1.016	1.016	1.016	1.016	1.016	1.016	1.016
132	"Mexico"	484	1.05	1.05	1.05	1.05	1.05	1.05	1.05	1.05	1.05	1.05	1.05	1.05
133	"Micronesia (Fed. States of)"	583	1.07	1.07	1.07	1.07	1.07	1.07	1.07	1.07	1.07	1.07	1.07	1.07
134	"Monaco"	492	1.05	1.05	1.05	1.05	1.05	1.05	1.05	1.05	1.05	1.05	1.05	1.05
135	"Mongolia"	496	1.05	1.05	1.05	1.05	1.05	1.05	1.05	1.05	1.05	1.05	1.05	1.05
136	"Montenegro"	499	1.08	1.08	1.08	1.08	1.08	1.08	1.08	1.08	1.08	1.08	1.08	1.08
137	"Montserrat"	500	1.03	1.03	1.03	1.03	1.03	1.03	1.03	1.03	1.03	1.03	1.03	1.03
138	"Morocco"	504	1.05	1.05	1.05	1.05	1.05	1.05	1.05	1.05	1.05	1.05	1.05	1.05
139	"Mozambique"	508	1.03	1.03	1.03	1.03	1.03	1.03	1.03	1.03	1.03	1.03	1.03	1.03
140	"Myanmar"	104	1.03	1.03	1.03	1.03	1.03	1.03	1.03	1.03	1.03	1.03	1.03	1.03
141	"Namibia"	516	1.025	1.025	1.025	1.025	1.025	1.025	1.025	1.025	1.025	1.025	1.025	1.025
142	"Nauru"	520	1.03	1.03	1.03	1.03	1.03	1.03	1.03	1.03	1.03	1.03	1.03	1.03
143	"Nepal"	524	1.05	1.05	1.05	1.05	1.05	1.05	1.05	1.05	1.05	1.05	1.05	1.05
144	"Netherlands"	528	1.051	1.051	1.051	1.051	1.051	1.051	1.051	1.051	1.051	1.051	1.051	1.051
145	"Netherlands Antilles"	530	1.05	1.05	1.05	1.05	1.05	1.05	1.05	1.05	1.05	1.05	1.05	1.05
146	"New Caledonia"	540	1.05	1.05	1.05	1.05	1.05	1.05	1.05	1.05	1.05	1.05	1.05	1.05
147	"New Zealand"	554	1.06	1.06	1.06	1.06	1.06	1.06	1.06	1.06	1.06	1.06	1.06	1.06
148	"Nicaragua"	558	1.05	1.05	1.05	1.05	1.05	1.05	1.05	1.05	1.05	1.05	1.05	1.05
149	"Niger"	562	1.044	1.044	1.044	1.044	1.044	1.044	1.044	1.044	1.044	1.044	1.044	1.044
150	"Nigeria"	566	1.035	1.035	1.035	1.035	1.035	1.035	1.035	1.035	1.035	1.035	1.035	1.035
151	"Niue"	570	1.03	1.03	1.03	1.03	1.03	1.03	1.03	1.03	1.03	1.03	1.03	1.03
152	"Northern Mariana Islands"	580	1.06	1.06	1.06	1.06	1.06	1.06	1.06	1.06	1.06	1.06	1.06	1.06
153	"Norway"	578	1.057	1.057	1.057	1.057	1.057	1.057	1.057	1.057	1.057	1.057	1.057	1.057
154	"Occupied Palestinian Territory"	275	1.05	1.05	1.05	1.05	1.05	1.05	1.05	1.05	1.05	1.05	1.05	1.05
155	"Oman"	512	1.05	1.05	1.05	1.05	1.05	1.05	1.05	1.05	1.05	1.05	1.05	1.05
156	"Pakistan"	586	1.05	1.05	1.05	1.05	1.05	1.05	1.05	1.05	1.05	1.05	1.05	1.05
157	"Palau"	585	1.06	1.06	1.06	1.06	1.06	1.06	1.06	1.06	1.06	1.06	1.06	1.06
158	"Panama"	591	1.05	1.05	1.05	1.05	1.05	1.05	1.05	1.05	1.05	1.05	1.05	1.05
159	"Papua New Guinea"	598	1.08	1.08	1.08	1.08	1.08	1.08	1.08	1.08	1.08	1.08	1.08	1.08
160	"Paraguay"	600	1.05	1.05	1.05	1.05	1.05	1.05	1.05	1.05	1.05	1.05	1.05	1.05
161	"Peru"	604	1.05	1.05	1.05	1.05	1.05	1.05	1.05	1.05	1.05	1.05	1.05	1.05
162	"Philippines"	608	1.06	1.06	1.06	1.06	1.06	1.06	1.06	1.06	1.06	1.06	1.06	1.06
163	"Poland"	616	1.058	1.058	1.058	1.058	1.058	1.058	1.058	1.058	1.058	1.058	1.058	1.058
164	"Portugal"	620	1.06	1.06	1.06	1.06	1.06	1.06	1.06	1.06	1.06	1.06	1.06	1.06
165	"Puerto Rico"	630	1.053	1.053	1.053	1.053	1.053	1.053	1.053	1.053	1.053	1.053	1.053	1.053
166	"Qatar"	634	1.05	1.05	1.05	1.05	1.05	1.05	1.05	1.05	1.05	1.05	1.05	1.05
167	"Republic of Korea"	410	1.1	1.1	1.1	1.1	1.095	1.09	1.085	1.08	1.075	1.07	1.07	1.07
168	"Republic of Moldova"	498	1.061	1.061	1.061	1.061	1.061	1.061	1.061	1.061	1.061	1.061	1.061	1.061
169	"Reunion"	638	1.016	1.016	1.016	1.016	1.016	1.016	1.016	1.016	1.016	1.016	1.016	1.016
170	"Romania"	642	1.061	1.061	1.063	1.063	1.063	1.063	1.063	1.063	1.063	1.063	1.063	1.063
171	"Russian Federation"	643	1.058	1.061	1.062	1.059	1.06	1.06	1.06	1.06	1.06	1.06	1.06	1.06
172	"Rwanda"	646	1.01	1.01	1.01	1.01	1.01	1.01	1.01	1.01	1.01	1.01	1.01	1.01
173	"Saint Helena"	654	1.03	1.03	1.03	1.03	1.03	1.03	1.03	1.03	1.03	1.03	1.03	1.03
174	"Saint Kitts and Nevis"	659	1.04	1.04	1.04	1.04	1.04	1.04	1.04	1.04	1.04	1.04	1.04	1.04
175	"Saint Lucia"	662	1.03	1.03	1.03	1.03	1.03	1.03	1.03	1.03	1.03	1.03	1.03	1.03
176	"Saint Pierre and Miquelon"	666	1.03	1.03	1.03	1.03	1.03	1.03	1.03	1.03	1.03	1.03	1.03	1.03
177	"St. Vincent and the Grenadines"	670	1.03	1.03	1.03	1.03	1.03	1.03	1.03	1.03	1.03	1.03	1.03	1.03
178	"Samoa"	882	1.08	1.08	1.08	1.08	1.08	1.08	1.08	1.08	1.08	1.08	1.08	1.08
179	"San Marino"	674	1.05	1.05	1.05	1.05	1.05	1.05	1.05	1.05	1.05	1.05	1.05	1.05
180	"Sao Tome and Principe"	678	1.03	1.03	1.03	1.03	1.03	1.03	1.03	1.03	1.03	1.03	1.03	1.03
181	"Saudi Arabia"	682	1.03	1.03	1.03	1.03	1.03	1.03	1.03	1.03	1.03	1.03	1.03	1.03
182	"Senegal"	686	1.032	1.032	1.032	1.032	1.032	1.032	1.032	1.032	1.032	1.032	1.032	1.032
183	"Serbia"	688	1.08	1.08	1.08	1.08	1.08	1.08	1.08	1.08	1.08	1.08	1.08	1.08
184	"Seychelles"	690	1.06	1.06	1.06	1.06	1.06	1.06	1.06	1.06	1.06	1.06	1.06	1.06
185	"Sierra Leone"	694	1.03	1.03	1.03	1.03	1.03	1.03	1.03	1.03	1.03	1.03	1.03	1.03
186	"Singapore"	702	1.073	1.073	1.073	1.073	1.073	1.073	1.073	1.073	1.073	1.073	1.073	1.073
187	"Slovakia"	703	1.045	1.045	1.056	1.056	1.056	1.056	1.056	1.056	1.056	1.056	1.056	1.056
188	"Slovenia"	705	1.054	1.054	1.054	1.054	1.054	1.054	1.054	1.054	1.054	1.054	1.054	1.054
189	"Solomon Islands"	90	1.09	1.09	1.09	1.09	1.09	1.09	1.09	1.09	1.09	1.09	1.09	1.09
190	"Somalia"	706	1.03	1.03	1.03	1.03	1.03	1.03	1.03	1.03	1.03	1.03	1.03	1.03
191	"South Africa"	710	1.03	1.03	1.03	1.03	1.03	1.03	1.03	1.03	1.03	1.03	1.03	1.03
192	"Spain"	724	1.064	1.064	1.064	1.064	1.064	1.064	1.064	1.064	1.064	1.064	1.064	1.064
193	"Sri Lanka"	144	1.04	1.04	1.04	1.04	1.04	1.04	1.04	1.04	1.04	1.04	1.04	1.04
194	"Sudan"	736	1.054	1.054	1.054	1.054	1.054	1.054	1.054	1.054	1.054	1.054	1.054	1.054
195	"Suriname"	740	1.08	1.08	1.08	1.08	1.08	1.08	1.08	1.08	1.08	1.08	1.08	1.08
196	"Swaziland"	748	1.03	1.03	1.03	1.03	1.03	1.03	1.03	1.03	1.03	1.03	1.03	1.03
197	"Sweden"	752	1.059	1.059	1.059	1.059	1.059	1.059	1.059	1.059	1.059	1.059	1.059	1.059
198	"Switzerland"	756	1.052	1.052	1.052	1.052	1.052	1.052	1.052	1.052	1.052	1.052	1.052	1.052
199	"Syrian Arab Republic"	760	1.05	1.05	1.05	1.05	1.05	1.05	1.05	1.05	1.05	1.05	1.05	1.05
200	"Taiwan, Province of China"	158	1.1	1.1	1.1	1.1	1.09	1.08	1.07	1.06	1.056	1.056	1.056	1.056
201	"Tajikistan"	762	1.05	1.05	1.05	1.05	1.05	1.05	1.05	1.05	1.05	1.05	1.05	1.05
202	"TFYR Macedonia"	807	1.08	1.08	1.08	1.08	1.08	1.08	1.08	1.08	1.08	1.08	1.08	1.08
203	"Thailand"	764	1.05	1.05	1.05	1.05	1.05	1.05	1.05	1.05	1.05	1.05	1.05	1.05
204	"Timor-Leste"	626	1.05	1.05	1.05	1.05	1.05	1.05	1.05	1.05	1.05	1.05	1.05	1.05
205	"Togo"	768	1.018	1.018	1.018	1.018	1.018	1.018	1.018	1.018	1.018	1.018	1.018	1.018
206	"Tokelau"	772	1.03	1.03	1.03	1.03	1.03	1.03	1.03	1.03	1.03	1.03	1.03	1.03
207	"Tonga"	776	1.05	1.05	1.05	1.05	1.05	1.05	1.05	1.05	1.05	1.05	1.05	1.05
208	"Trinidad and Tobago"	780	1.038	1.038	1.038	1.038	1.038	1.038	1.038	1.038	1.038	1.038	1.038	1.038
209	"Tunisia"	788	1.07	1.07	1.07	1.07	1.07	1.07	1.07	1.07	1.07	1.07	1.07	1.07
210	"Turkey"	792	1.05	1.05	1.05	1.05	1.05	1.05	1.05	1.05	1.05	1.05	1.05	1.05
211	"Turkmenistan"	795	1.046	1.046	1.046	1.046	1.046	1.046	1.046	1.046	1.046	1.046	1.046	1.046
212	"Turks and Caicos Islands"	796	1.05	1.05	1.05	1.05	1.05	1.05	1.05	1.05	1.05	1.05	1.05	1.05
213	"Tuvalu"	798	1.06	1.06	1.06	1.06	1.06	1.06	1.06	1.06	1.06	1.06	1.06	1.06
214	"Uganda"	800	1.03	1.03	1.03	1.03	1.03	1.03	1.03	1.03	1.03	1.03	1.03	1.03
215	"Ukraine"	804	1.059	1.064	1.064	1.059	1.062	1.062	1.062	1.062	1.062	1.062	1.062	1.062
216	"United Arab Emirates"	784	1.05	1.05	1.05	1.05	1.05	1.05	1.05	1.05	1.05	1.05	1.05	1.05
217	"United Kingdom"	826	1.051	1.051	1.051	1.051	1.051	1.051	1.051	1.051	1.051	1.051	1.051	1.051
218	"United Republic of Tanzania"	834	1.03	1.03	1.03	1.03	1.03	1.03	1.03	1.03	1.03	1.03	1.03	1.03
219	"United States of America"	840	1.051	1.051	1.051	1.051	1.051	1.051	1.051	1.051	1.051	1.051	1.051	1.051
220	"United States Virgin Islands"	850	1.06	1.06	1.06	1.06	1.06	1.06	1.06	1.06	1.06	1.06	1.06	1.06
221	"Uruguay"	858	1.05	1.05	1.05	1.05	1.05	1.05	1.05	1.05	1.05	1.05	1.05	1.05
222	"Uzbekistan"	860	1.049	1.049	1.049	1.049	1.049	1.049	1.049	1.049	1.049	1.049	1.049	1.049
223	"Vanuatu"	548	1.07	1.07	1.07	1.07	1.07	1.07	1.07	1.07	1.07	1.07	1.07	1.07
224	"Venezuela (Bolivarian Republic of)"	862	1.05	1.05	1.05	1.05	1.05	1.05	1.05	1.05	1.05	1.05	1.05	1.05
225	"Viet Nam"	704	1.05	1.05	1.05	1.05	1.05	1.05	1.05	1.05	1.05	1.05	1.05	1.05
226	"Wallis and Futuna Islands"	876	1.06	1.06	1.06	1.06	1.06	1.06	1.06	1.06	1.06	1.06	1.06	1.06
227	"Western Sahara"	732	1.05	1.05	1.05	1.05	1.05	1.05	1.05	1.05	1.05	1.05	1.05	1.05
228	"Yemen"	887	1.05	1.05	1.05	1.05	1.05	1.05	1.05	1.05	1.05	1.05	1.05	1.05
229	"Zambia"	894	1.03	1.03	1.03	1.03	1.03	1.03	1.03	1.03	1.03	1.03	1.03	1.03
230	"Zimbabwe"	716	1.02	1.02	1.02	1.02	1.02	1.02	1.02	1.02	1.02	1.02	1.02	1.02
